# efaschroedinger eigenstates (quantum_hl)
# Index Particle EigenEnergy     Occupation  FermiLevel Temperature
      0      hl    -0.0965867      0.0232907              0         300
      1      hl    -0.0965867      0.0232907              0         300
      2      hl     -0.107639      0.0153125              0         300
      3      hl     -0.107639      0.0153125              0         300
      4      hl     -0.167917     0.00150822              0         300
      5      hl     -0.167917     0.00150822              0         300
      6      hl     -0.181141    0.000904862              0         300
      7      hl     -0.181141    0.000904862              0         300
      8      hl     -0.202121    0.000402118              0         300
      9      hl     -0.203041     0.00038806              0         300
     10      hl      -0.20436    0.000368767              0         300
     11      hl     -0.206481    0.000339721              0         300
     12      hl      -0.20946    0.000302765              0         300
     13      hl      -0.20946    0.000302765              0         300
     14      hl      -0.21331    0.000260882              0         300
     15      hl      -0.21331    0.000260882              0         300
