# ASCII 1D datafile generated by TiberCAD
# 1 x
# 2 ProbabilityDensity_0
# 3 ProbabilityDensity_1
# 4 ProbabilityDensity_2
# 5 ProbabilityDensity_3
# 6 ProbabilityDensity_4
# 7 ProbabilityDensity_5
# 8 ProbabilityDensity_6
# 9 ProbabilityDensity_7
# 10 ProbabilityDensity_8
# 11 ProbabilityDensity_9
# x ProbabilityDensity_0 ProbabilityDensity_1 ProbabilityDensity_2 ProbabilityDensity_3 ProbabilityDensity_4 ProbabilityDensity_5 ProbabilityDensity_6 ProbabilityDensity_7 ProbabilityDensity_8 ProbabilityDensity_9 
-25 2.21506e-38 1.8412e-27 2.4309e-24 1.89385e-23 5.00933e-21 2.11289e-34 5.04531e-34 1.13125e-33 6.47333e-33 5.08604e-31 
-24.019 6.50173e-27 2.84714e-21 3.79371e-18 2.99767e-17 8.08957e-15 8.33104e-28 1.28143e-27 2.27859e-27 7.58962e-27 1.33612e-25 
-23.0813 8.84317e-27 3.68379e-22 4.88341e-19 3.82178e-18 1.01697e-15 2.36287e-26 1.23679e-26 4.93976e-27 1.10415e-25 3.66817e-26 
-22.185 1.2513e-26 2.5997e-21 3.46427e-18 2.7365e-17 7.38161e-15 3.14691e-27 1.00227e-27 4.76548e-26 1.05053e-26 1.56902e-26 
-21.3283 1.16215e-25 1.36969e-21 1.82614e-18 1.44365e-17 3.89642e-15 2.78745e-26 1.60524e-26 1.05502e-26 5.66731e-26 3.78402e-25 
-20.5094 5.43407e-26 1.39352e-21 1.8567e-18 1.46655e-17 3.95195e-15 3.43882e-27 7.42766e-28 7.63524e-26 1.50212e-26 1.04437e-25 
-19.7266 1.09041e-25 3.87038e-21 5.1518e-18 4.06504e-17 1.09495e-14 1.8418e-26 2.70427e-27 1.9137e-27 5.18901e-26 2.46904e-25 
-18.9784 7.19273e-26 3.55243e-22 4.71779e-19 3.70394e-18 9.91179e-16 1.62375e-26 6.28311e-27 1.30317e-27 5.02265e-25 1.52749e-25 
-18.2633 4.34986e-26 4.85082e-21 6.44271e-18 5.07116e-17 1.36117e-14 2.86807e-26 1.41917e-26 4.20782e-26 1.93493e-25 2.72623e-26 
-17.5797 5.02677e-26 2.74258e-21 3.64449e-18 2.87456e-17 7.73207e-15 9.63799e-26 3.43657e-26 4.7227e-26 2.97574e-26 3.61412e-25 
-16.9262 9.12273e-26 5.93602e-21 7.91551e-18 6.24997e-17 1.6847e-14 4.67081e-26 3.65436e-26 1.98709e-26 2.70386e-25 4.72386e-25 
-16.3017 5.736e-26 2.6223e-21 3.4881e-18 2.74767e-17 7.38463e-15 2.06987e-26 7.71426e-27 5.57202e-27 1.15592e-25 7.74954e-26 
-15.7046 1.0318e-26 2.67601e-22 3.62376e-19 2.93674e-18 8.21257e-16 5.71067e-27 2.83239e-27 6.37505e-26 1.3511e-25 1.16993e-27 
-15.134 3.45911e-26 1.37216e-20 1.82356e-17 1.43547e-16 3.8526e-14 4.36865e-26 2.93729e-26 1.39175e-26 2.06565e-25 2.10688e-26 
-14.5885 5.1462e-26 6.3741e-21 8.44835e-18 6.62749e-17 1.77007e-14 2.17838e-26 5.49835e-27 1.25998e-29 7.01322e-26 7.50754e-26 
-14.0672 3.32395e-26 2.53051e-22 3.3545e-19 2.63356e-18 7.05565e-16 1.01739e-27 2.9276e-27 6.45097e-26 3.40467e-26 1.93604e-25 
-13.5688 5.56507e-26 1.77595e-21 2.34878e-18 1.83557e-17 4.87866e-15 3.96647e-27 3.1774e-27 6.34884e-27 3.4378e-26 2.93413e-25 
-13.0924 9.9349e-26 8.90794e-21 1.18256e-17 9.29515e-17 2.489e-14 1.1066e-25 7.52827e-26 7.24678e-27 4.79111e-27 1.17077e-25 
-12.6371 5.11512e-26 7.83868e-22 1.04049e-18 8.15843e-18 2.17716e-15 1.41733e-26 1.99365e-26 4.01816e-26 3.50018e-25 2.29568e-25 
-12.2018 3.39024e-26 1.15397e-21 1.53484e-18 1.20812e-17 3.24226e-15 6.10759e-26 6.98128e-26 7.22099e-26 2.68175e-25 3.89975e-26 
-11.7858 7.66412e-26 2.00783e-21 2.668e-18 2.10626e-17 5.67767e-15 1.00002e-25 2.18866e-26 5.53933e-27 2.7043e-27 1.73397e-25 
-11.3882 5.95212e-26 4.71229e-21 6.2605e-18 4.93071e-17 1.32425e-14 2.39541e-26 4.58244e-26 8.09937e-27 4.57615e-26 7.24777e-26 
-11.0081 3.80379e-26 1.31254e-23 1.79999e-20 1.49147e-19 4.32312e-17 1.12846e-26 8.74588e-27 3.36761e-27 4.6263e-25 6.79439e-25 
-10.6447 4.38229e-26 9.32804e-22 1.23743e-18 9.75252e-18 2.62108e-15 5.61469e-26 2.21052e-26 3.84386e-26 2.51319e-25 2.85992e-24 
-10.2975 3.57933e-26 4.46185e-22 5.98954e-19 4.78992e-18 1.31595e-15 1.96525e-26 6.6021e-26 3.30443e-25 2.69323e-24 3.32406e-23 
-9.9655 4.80155e-26 9.43181e-21 1.25447e-17 9.88152e-17 2.6551e-14 1.22494e-25 2.92087e-25 2.53535e-24 2.83739e-23 3.50941e-22 
-9.6482 5.22352e-26 3.17128e-21 4.22723e-18 3.33978e-17 9.01478e-15 7.33964e-25 3.05703e-24 3.00312e-23 3.1255e-22 3.35554e-21 
-9.34491 3.5205e-25 4.82301e-22 6.25234e-19 4.7924e-18 1.23764e-15 3.55379e-24 2.63988e-23 2.30726e-22 2.85444e-21 2.90121e-20 
-9.05501 2.0107e-24 1.78375e-21 2.38175e-18 1.87352e-17 5.02401e-15 3.53793e-23 2.25754e-22 2.0536e-21 2.27443e-20 2.24533e-19 
-8.7779 1.32002e-23 1.73354e-21 2.40802e-18 1.89135e-17 5.06162e-15 2.87871e-22 1.76233e-21 1.5095e-20 1.6597e-19 1.58274e-18 
-8.51303 9.23197e-23 2.60717e-21 3.43842e-18 2.69256e-17 7.18522e-15 1.98183e-21 1.22164e-20 1.04198e-19 1.1017e-18 1.01737e-17 
-8.25984 6.37632e-22 4.82655e-21 7.50587e-18 5.8728e-17 1.57068e-14 1.28667e-20 7.7964e-20 6.46294e-19 6.67702e-18 5.98874e-17 
-8.01784 4.07391e-21 3.29237e-21 1.64154e-18 1.26143e-17 3.24929e-15 7.70766e-20 4.56193e-19 3.693e-18 3.71458e-17 3.24261e-16 
-7.78652 2.39795e-20 1.51281e-20 9.13714e-18 7.25581e-17 1.92113e-14 4.2258e-19 2.45501e-18 1.94299e-17 1.90697e-16 1.62245e-15 
-7.56541 1.30204e-19 1.95749e-20 1.04903e-19 7.70778e-19 1.30399e-16 2.13988e-18 1.22108e-17 9.46123e-17 9.07057e-16 7.53157e-15 
-7.35406 6.53273e-19 1.15286e-19 1.02761e-17 7.06005e-17 1.63812e-14 1.00494e-17 5.63548e-17 4.27962e-16 4.01333e-15 3.25619e-14 
-7.15204 3.04169e-18 3.2816e-19 1.52084e-17 1.04189e-16 2.98105e-14 4.39352e-17 2.42359e-16 1.8056e-15 1.65782e-14 1.31584e-13 
-6.95894 1.31908e-17 1.87249e-18 1.79192e-17 9.66892e-17 1.17065e-14 1.79428e-16 9.74402e-16 7.12842e-15 6.41554e-14 4.98692e-13 
-6.77437 5.3465e-17 6.92189e-18 1.63981e-17 7.92967e-17 6.67216e-15 6.86856e-16 3.67502e-15 2.64252e-14 2.33341e-13 1.77815e-12 
-6.59794 2.03218e-16 2.54813e-17 6.84063e-17 2.33868e-16 2.99734e-15 2.47258e-15 1.30438e-14 9.2261e-14 8.00077e-13 5.98287e-12 
-6.4293 7.26615e-16 8.71465e-17 1.47186e-16 3.18992e-16 6.0814e-15 8.39522e-15 4.36958e-14 3.04275e-13 2.59358e-12 1.9049e-11 
-6.2681 2.4513e-15 2.92441e-16 6.54742e-16 2.00214e-15 9.87001e-15 2.69621e-14 1.38547e-13 9.50509e-13 7.97022e-12 5.75454e-11 
-6.11402 7.82455e-15 9.17066e-16 2.16745e-15 6.80459e-15 4.36572e-14 8.21239e-14 4.16885e-13 2.8198e-12 2.32783e-11 1.65353e-10 
-5.96675 2.36945e-14 2.71745e-15 6.47896e-15 1.91548e-14 5.59117e-14 2.37836e-13 1.19338e-12 7.96374e-12 6.47723e-11 4.5301e-10 
-5.82597 6.82416e-14 7.71067e-15 1.8891e-14 5.86087e-14 3.52642e-13 6.5648e-13 3.25773e-12 2.14617e-11 1.72099e-10 1.18596e-09 
-5.69141 1.8737e-13 2.07605e-14 4.78018e-14 1.41856e-13 4.68011e-13 1.73093e-12 8.49946e-12 5.53113e-11 4.37584e-10 2.97321e-09 
-5.56279 4.91556e-13 5.35749e-14 1.23978e-13 3.64981e-13 1.11642e-12 4.36904e-12 2.12388e-11 1.36607e-10 1.0669e-09 7.15233e-09 
-5.43984 1.2348e-12 1.32562e-13 3.06878e-13 9.07103e-13 3.202e-12 1.05785e-11 5.09332e-11 3.23968e-10 2.4993e-09 1.65413e-08 
-5.32233 2.97611e-12 3.14714e-13 7.2126e-13 2.11454e-12 6.95059e-12 2.46167e-11 1.17445e-10 7.39124e-10 5.63565e-09 3.6845e-08 
-5.21 6.89543e-12 7.18989e-13 1.64838e-12 4.82161e-12 1.62126e-11 5.5157e-11 2.60866e-10 1.62515e-09 1.22536e-08 7.91822e-08 
-5.10263 1.53861e-11 1.58258e-12 3.6017e-12 1.04741e-11 3.39949e-11 1.19205e-10 5.59106e-10 3.44957e-09 2.57338e-08 1.64448e-07 
-5 3.31206e-11 3.36299e-12 7.64556e-12 2.21381e-11 7.04112e-11 2.48901e-10 1.15818e-09 7.08005e-09 5.2282e-08 3.30566e-07 
-5 3.31206e-11 3.36299e-12 7.64556e-12 2.21381e-11 7.04112e-11 2.48901e-10 1.15818e-09 7.08005e-09 5.2282e-08 3.30566e-07 
-4.89899 6.37403e-11 6.39772e-12 1.44857e-11 4.1757e-11 1.29545e-10 4.66184e-10 2.15396e-09 1.30595e-08 9.55671e-08 5.98559e-07 
-4.79798 1.21886e-10 1.20875e-11 2.73561e-11 7.86225e-11 2.44036e-10 8.66366e-10 3.97329e-09 2.38826e-08 1.7311e-07 1.07349e-06 
-4.69697 2.3188e-10 2.2711e-11 5.12417e-11 1.46709e-10 4.51072e-10 1.60042e-09 7.28365e-09 4.33912e-08 3.11434e-07 1.91148e-06 
-4.59596 4.39168e-10 4.24697e-11 9.55401e-11 2.7232e-10 8.19753e-10 2.94155e-09 1.32827e-08 7.84111e-08 5.57147e-07 3.38377e-06 
-4.49495 8.2834e-10 7.90842e-11 1.77598e-10 5.04538e-10 1.5192e-09 5.38211e-09 2.41107e-08 1.41019e-07 9.91813e-07 5.95955e-06 
-4.39394 1.55623e-09 1.46663e-10 3.2846e-10 9.29463e-10 2.77206e-09 9.80581e-09 4.35762e-08 2.52493e-07 1.75754e-06 1.04468e-05 
-4.29293 2.91252e-09 2.70924e-10 6.05555e-10 1.70781e-09 5.09676e-09 1.77922e-08 7.84282e-08 4.50157e-07 3.10085e-06 1.82306e-05 
-4.19192 5.43007e-09 4.98501e-10 1.11113e-09 3.12147e-09 9.24367e-09 3.21529e-08 1.40576e-07 7.9921e-07 5.44751e-06 3.1675e-05 
-4.09091 1.00853e-08 9.13691e-10 2.03228e-09 5.68835e-09 1.67783e-08 5.78714e-08 2.50944e-07 1.41304e-06 9.52959e-06 5.47964e-05 
-3.9899 1.86602e-08 1.66816e-09 3.70162e-09 1.03217e-08 3.02805e-08 1.03744e-07 4.4614e-07 2.48796e-06 1.66002e-05 9.43869e-05 
-3.88889 3.43937e-08 3.03372e-09 6.71541e-09 1.86538e-08 5.44015e-08 1.85229e-07 7.89932e-07 4.36242e-06 2.87946e-05 0.000161879 
-3.78788 6.31496e-08 5.49549e-09 1.2135e-08 3.35794e-08 9.7415e-08 3.29378e-07 1.39291e-06 7.6172e-06 4.97345e-05 0.000276429 
-3.68687 1.15499e-07 9.91556e-09 2.18412e-08 6.02036e-08 1.73605e-07 5.83322e-07 2.44601e-06 1.32445e-05 8.55347e-05 0.000469975 
-3.58586 2.10424e-07 1.78197e-08 3.91564e-08 1.07518e-07 3.08556e-07 1.02882e-06 4.27744e-06 2.29317e-05 0.000146471 0.00079552 
-3.48485 3.81862e-07 3.18961e-08 6.99118e-08 1.91213e-07 5.4541e-07 1.80706e-06 7.4488e-06 3.9535e-05 0.00024973 0.0013406 
-3.38384 6.90242e-07 5.6862e-08 1.24324e-07 3.387e-07 9.60841e-07 3.16078e-06 1.29167e-05 6.7867e-05 0.000423919 0.00224905 
-3.28283 1.2427e-06 1.00957e-07 2.20187e-07 5.97502e-07 1.68586e-06 5.50544e-06 2.23032e-05 0.000115998 0.000716429 0.00375609 
-3.18182 2.22839e-06 1.78514e-07 3.88355e-07 1.04965e-06 2.94478e-06 9.54885e-06 3.83454e-05 0.000197398 0.00120538 0.00624442 
-3.08081 3.97981e-06 3.1435e-07 6.82129e-07 1.83629e-06 5.12315e-06 1.64913e-05 6.56416e-05 0.000334441 0.00201893 0.0103336 
-2.9798 7.0789e-06 5.51246e-07 1.19313e-06 3.19894e-06 8.87338e-06 2.8359e-05 0.000111878 0.000564107 0.00336623 0.0170212 
-2.87879 1.25398e-05 9.6262e-07 2.07815e-06 5.54917e-06 1.53046e-05 4.8556e-05 0.000189845 0.000947227 0.00558695 0.0279056 
-2.77778 2.21217e-05 1.67389e-06 3.60433e-06 9.58511e-06 2.62846e-05 8.27738e-05 0.000320716 0.00158336 0.00922988 0.0455342 
-2.67677 3.88634e-05 2.89832e-06 6.22456e-06 1.6485e-05 4.4943e-05 0.000140484 0.00053938 0.00263462 0.0151771 0.0739446 
-2.57576 6.79894e-05 4.99689e-06 1.07033e-05 2.82289e-05 7.65153e-05 0.000237371 0.000903032 0.00436369 0.0248388 0.119502 
-2.47475 0.000118442 8.57769e-06 1.83247e-05 4.81274e-05 0.000129682 0.000399279 0.00150497 0.00719393 0.0404581 0.192189 
-2.37374 0.000205456 1.46603e-05 3.12356e-05 8.16902e-05 0.000218814 0.000668588 0.00249662 0.0118042 0.0655829 0.307565 
-2.27273 0.000354867 2.49459e-05 5.30076e-05 0.000138042 0.000367557 0.00111443 0.00412246 0.0192772 0.105795 0.489759 
-2.17172 0.000610284 4.22597e-05 8.95541e-05 0.000232217 0.000614589 0.00184904 0.00677517 0.0313307 0.169827 0.77596 
-2.07071 0.00104496 7.12697e-05 0.000150618 0.000388873 0.00102296 0.00305361 0.0110822 0.0506748 0.271265 1.22316 
-1.9697 0.00178138 0.000119651 0.000252169 0.000648229 0.00169479 0.00501926 0.0180406 0.0815622 0.431124 1.9182 
-1.86869 0.00302331 0.000199962 0.000420256 0.00107558 0.00279475 0.00821114 0.0292264 0.130629 0.681726 2.99254 
-1.76768 0.00510813 0.000332641 0.000697147 0.00177634 0.00458689 0.0133686 0.047117 0.20817 1.07248 4.64406 
-1.66667 0.00859167 0.000550788 0.00115108 0.00291987 0.0074924 0.0216602 0.0755851 0.330069 1.6785 7.16868 
-1.56566 0.0143851 0.000907724 0.00189162 0.00477675 0.0121796 0.0349233 0.12065 0.520683 2.6132 11.0062 
-1.46465 0.0239743 0.0014889 0.00309382 0.00777705 0.0197029 0.0560301 0.191616 0.817146 4.04688 16.8059 
-1.36364 0.0397707 0.0024305 0.00503575 0.0126005 0.0317172 0.0894453 0.302774 1.27573 6.23357 25.52 
-1.26263 0.0656662 0.00394846 0.00815685 0.0203157 0.0508042 0.142069 0.475958 1.98117 9.54975 38.536 
-1.16162 0.107911 0.00638319 0.0131476 0.0325929 0.0809702 0.224505 0.74431 3.06028 14.5498 57.8609 
-1.06061 0.176486 0.0102685 0.0210871 0.0520281 0.128395 0.352947 1.15784 4.70167 22.0445 86.378 
-0.959596 0.287249 0.0164364 0.0336518 0.0826332 0.202554 0.551983 1.79154 7.18394 33.2117 128.199 
-0.858586 0.465251 0.0261771 0.0534316 0.130572 0.317892 0.858713 2.75712 10.916 49.7504 189.146 
-0.757576 0.749854 0.0414784 0.0844038 0.205255 0.496295 1.32877 4.22 16.4939 74.0938 277.395 
-0.656566 1.20255 0.0653861 0.13264 0.320972 0.770716 2.04503 6.42338 24.7804 109.701 404.345 
-0.555556 1.91886 0.102538 0.207353 0.499274 1.19046 3.1302 9.72251 37.0158 161.454 585.755 
-0.454545 3.04631 0.159955 0.322435 0.772473 1.82883 4.76471 14.6327 54.9697 236.186 843.234 
-0.353535 4.81138 0.248197 0.498703 1.1887 2.79408 7.21209 21.8963 81.1485 343.392 1206.16 
-0.252525 7.55975 0.383045 0.767156 1.81918 4.24506 10.8546 32.5746 119.075 496.151 1714.11 
-0.151515 11.8157 0.587936 1.17364 2.76862 6.41318 16.2427 48.1743 173.663 712.33 2419.91 
-0.0505051 18.3696 0.897448 1.78554 4.18991 9.63334 24.1638 70.8177 251.707 1016.13 3393.44 
0.0505051 28.4054 1.36224 2.70117 6.30472 14.3866 35.735 103.471 362.53 1440.01 4726.12 
0.151515 43.685 2.05606 4.06304 9.43225 21.3592 52.5302 150.248 518.81 2027.14 6536.39 
0.252525 66.8139 3.08545 6.07622 14.0287 31.5224 76.7487 216.803 737.638 2834.34 8975.95 
0.353535 101.618 4.6033 9.03366 20.7412 46.2405 111.439 310.847 1041.83 3935.63 12236.8 
0.454545 153.68 6.82735 13.3507 30.4809 67.4147 160.794 442.798 1461.58 5426.43 16559.2 
0.555556 231.084 10.0654 19.6119 44.5206 97.673 230.527 626.606 2036.4 7428.3 22239.3 
0.656566 345.458 14.749 28.6331 64.6237 140.618 328.356 880.769 2817.5 10094.3 29637.4 
0.757576 513.402 21.4789 41.5442 93.2133 201.143 464.616 1229.58 3870.46 13614.8 39185 
0.858586 758.439 31.084 59.8965 133.59 285.839 653.005 1704.59 5278.38 18222.8 51389.4 
0.959596 1113.64 44.6983 85.802 190.21 403.498 911.505 2346.37 7145.11 24200.1 66836.7 
1.06061 1625.15 63.8601 122.11 269.035 565.735 1263.47 3206.43 9598.85 31881.2 86188.3 
1.16162 2356.81 90.6371 172.63 377.962 787.738 1738.92 4349.42 12795.5 41656.5 110172 
1.26263 3396.18 127.782 242.403 527.348 1089.16 2375.94 5855.4 16921.6 53971.9 139564 
1.36364 4862.4 178.923 338.036 730.633 1495.13 3222.33 7822.1 22196.9 69325.5 175162 
1.46465 6916.01 248.797 468.097 1005.07 2037.43 4337.23 10367 28874.8 88257.5 217740 
1.56566 9771.4 343.513 643.57 1372.54 2755.73 5792.82 13629.1 37241.3 111335 267997 
1.66667 13712 470.872 878.375 1860.46 3698.86 7675.82 17769.5 47611 139125 326487 
1.76768 19108.9 640.706 1189.93 2502.7 4926.1 10088.7 22971.1 60319.3 172164 393531 
1.86869 26442.4 865.252 1599.75 3340.57 6508.2 13150.1 29436.5 75709.9 210911 469122 
1.9697 36327.8 1159.53 2134.01 4423.59 8528.19 16994.7 37383.7 94117.1 255691 552822 
2.07071 49543.4 1541.71 2824.07 5810.17 11081.5 21771.4 47038.1 115841 306632 643656 
2.17172 67061.4 2033.38 3706.83 7567.84 14275.5 27640.2 58622.4 141118 363591 740015 
2.27273 90080.3 2659.8 4824.91 9773.03 18227.6 34766.3 72341.4 170084 426080 839582 
2.37374 120055 3449.82 6226.44 12510 23062.1 43312.3 88362.9 202731 493190 939297 
2.47475 158725 4435.72 7964.36 15869 28905.6 53427 106794 238862 563530 1.03537e+06 
2.57576 208133 5652.56 10095.1 19942.6 35879.3 65231.6 127657 278049 635184 1.12335e+06 
2.67677 270628 7137.15 12676.5 24821.5 44090.3 78801.9 150854 319587 705702 1.19834e+06 
2.77778 348854 8926.47 15764.9 30587.8 53619.6 94149.1 176143 362466 772132 1.25518e+06 
2.87879 445709 11055.4 19410.6 37307 64508.2 111198 203107 405353 831107 1.28886e+06 
2.9798 564262 13553.9 23653.3 45018.2 76741.1 129765 231132 446599 878994 1.29492e+06 
3.08081 707639 16443.3 28515.5 53722.5 90231 149537 259392 484280 912115 1.26995e+06 
3.18182 878843 19732.1 33995.6 63371.4 104801 170057 286852 516267 927026 1.21211e+06 
3.28283 1.08053e+06 23411.2 40060 73854 120171 190711 312287 540339 920845 1.12157e+06 
3.38384 1.31472e+06 27449 46635.7 84985.7 135945 210733 334321 554339 891627 1.00098e+06 
3.48485 1.58243e+06 31786.5 53603.2 96499.7 151608 229220 351502 556357 838714 855602 
3.58586 1.88334e+06 36333.2 60791.1 108042 166533 245160 362389 544950 763064 693358 
3.68687 2.21529e+06 40964.7 67973.8 119173 179993 257489 365678 519355 667473 524504 
3.78788 2.57396e+06 45521.3 74872.6 129378 191194 265155 360331 479706 556661 361008 
3.88889 2.95243e+06 49810.9 81162.5 138085 199319 267211 345730 427191 437165 215603 
3.9899 3.34095e+06 53614.2 86484.3 144695 203585 262914 321812 364145 317008 100563 
4.09091 3.72685e+06 56695.1 90464.3 148623 203321 251831 289188 294045 205140 26312.7 
4.19192 4.0946e+06 58814.5 92740.3 149350 198041 233944 249216 221363 110648 10.1686 
4.29293 4.42625e+06 59748.8 92993.5 146476 187529 209731 204010 151296 41809.8 24300.7 
4.39394 4.70219e+06 59312 90984.4 139787 171912 180220 156372 89339.9 5073.48 96445.2 
4.49495 4.90222e+06 57379.4 86590.8 129303 151718 146991 109631 40762.6 4077.88 208025 
4.59596 5.00703e+06 53911.1 79842.2 115333 127900 112123 67383.7 9994.62 38873.3 345374 
4.69697 5.00001e+06 48972.9 70947.1 98490.6 101822 78071.2 33163.4 20.2703 105483 490810 
4.79798 4.86918e+06 42751.2 60308.3 79702.1 75200.9 47472.7 10047.3 11844.9 195937 624618 
4.89899 4.60927e+06 35557.2 48519.7 60164.2 49987.6 22901.9 250.52 44131.5 298868 727607 
5 4.22348e+06 27820.5 36341.8 41273 28204.6 6579.81 4759.05 93090.9 400668 783924 
5 4.22348e+06 27820.5 36341.8 41273 28204.6 6579.81 4759.05 93090.9 400668 783924 
5.10263 3.73545e+06 19420 23582.5 22824.7 10057.7 5.50105 27728.4 166924 512655 801498 
5.21 3.28445e+06 12207.3 13102.6 9229.1 839 8034 71130.4 260966 623681 784531 
5.32233 2.87015e+06 6423.19 5373.48 1455.71 2099.3 32456.3 135631 371772 724313 729832 
5.43984 2.49194e+06 2332.15 903.722 510.336 15313.8 74598.8 220600 493628 803906 638054 
5.56279 2.14892e+06 221.95 232.737 7401.83 41774.6 135079 323739 618412 851585 514916 
5.69141 1.83996e+06 402.474 3921.3 23097.2 82456.8 213529 440756 735743 857690 372008 
5.82597 1.56368e+06 3203.64 12538 48463.6 137858 308309 565142 833524 815639 226800 
5.96675 1.31849e+06 8972.1 26641 84195 207815 416235 688141 898975 724039 101392 
6.11402 1.10261e+06 18066.5 46754.5 130725 291310 532368 799022 920243 588715 19667.9 
6.2681 914137 30851.1 73338.8 188126 386273 649922 885747 888534 424110 2744.05 
6.4293 751021 47687.6 106755 255992 489414 760361 936129 800614 253399 63087.4 
6.59794 611149 68924.3 147220 333328 596110 853770 939514 661284 106542 198395 
6.77437 492365 94884 194762 418426 700384 919569 888919 485228 15754.4 387107 
6.95894 392513 125848 249162 508768 795040 947623 783422 297421 8309.52 588038 
7.15204 309469 162040 309898 600959 871988 929766 630388 131199 97567.1 746562 
7.35406 241175 203603 376086 690713 922818 861630 446914 23279.6 274337 808535 
7.56541 185671 250581 446430 772920 939653 744606 259728 5613.84 501960 740321 
7.78652 141118 302893 519173 841828 916281 587548 102699 95017.6 719123 549144 
8.01784 105820 360310 592074 891350 849500 407732 11423.8 283024 853533 293955 
8.25984 78234.3 422431 662409 915548 740554 230430 14921 529909 846335 75754.1 
8.51303 56984.8 488661 727006 909268 596415 86474.3 125588 767606 681472 1322.06 
8.7779 40862.3 558193 782339 868945 430582 7417.7 329943 915201 407510 127450 
9.05501 28823.1 629995 824670 793496 262973 18380.5 584025 906853 135612 411024 
9.34491 19982.4 702808 850268 685240 118472 129557 817823 725263 1538.34 703047 
9.6482 13603.7 775150 855700 550670 23795.2 328426 951844 426101 95958.9 815408 
9.9655 9085.83 845340 838192 400887 2599.42 575751 924997 134516 393266 646830 
10.2975 5947.64 911528 796048 251459 69263.6 808913 726566 406.223 730436 291681 
10.6447 3811.97 971750 729104 121434 222433 955209 417954 118745 880131 21505.9 
11.0081 2389.5 1.024e+06 639161 31337.3 440186 954916 126551 451359 707574 89043.9 
11.3882 1463.27 1.06629e+06 530360 73.3257 679235 788988 45.4203 809512 313900 469242 
11.7858 874.339 1.0968e+06 409386 40923.7 880559 500574 128591 944425 18773.5 800712 
12.2018 509.129 1.11392e+06 285452 157179 982750 195924 470298 726183 114829 704039 
12.6371 288.533 1.11642e+06 169939 338337 941896 13044.1 836267 293140 549655 251333 
13.0924 158.921 1.10349e+06 75640.5 558165 753138 59190.8 979040 7902.39 880830 1011.49 
13.5688 84.9484 1.07488e+06 15557.6 776087 465190 339845 765781 164625 702341 329326 
14.0672 44.0004 1.03095e+06 1277.45 943091 177260 722533 325532 651623 190794 795927 
14.5885 22.0493 972658 41039.5 1.01246e+06 10719.6 980217 14810.9 958662 22091.9 654426 
15.134 10.672 901613 137706 954014 57620.7 922923 141871 694692 483545 99504 
15.7046 4.98027 819964 286958 768590 323606 555136 629944 145787 899860 136091 
16.3017 2.23681 730325 476141 497187 697424 132776 987918 56307.6 555881 740803 
16.9262 0.965048 635633 684203 218726 980890 13302.7 781479 609077 18962.5 671898 
17.5797 0.399165 538985 883150 31680.8 989532 344656 213557 972080 327645 44013.1 
18.2633 0.157955 443471 1.04128e+06 20100.6 684859 849667 22888 500952 904574 334497 
18.9784 0.0596651 352007 1.12814e+06 212716 248230 1.0061e+06 529054 1342.17 490998 857105 
19.7266 0.0214583 267209 1.12082e+06 552692 2868.36 595832 1.00673e+06 463809 4951.87 227704 
20.5094 0.00732245 191307 1.01056e+06 899800 178106 71606.6 651772 987541 659856 188785 
21.3283 0.00235588 126125 808363 1.07988e+06 667863 127014 33424.3 405759 786647 872570 
22.185 0.000702842 73135.8 547698 974485 1.0355e+06 743386 323159 41580.2 22210.9 185215 
23.0813 0.000183468 33586.7 282485 611421 884274 1.02433e+06 999661 828670 576641 350277 
24.019 3.19846e-05 8710.38 78826.9 191813 328094 474812 615955 729054 784073 804815 
25 3.72488e-19 1.17992e-10 1.09556e-09 2.77374e-09 5.00756e-09 7.74603e-09 1.08569e-08 1.39963e-08 1.6453e-08 1.84355e-08 
