# ASCII 1D datafile generated by TiberCAD
# x ProbabilityDensity_0 ProbabilityDensity_1 ProbabilityDensity_2 ProbabilityDensity_3 ProbabilityDensity_4 ProbabilityDensity_5 ProbabilityDensity_6 ProbabilityDensity_7 ProbabilityDensity_8 ProbabilityDensity_9 ProbabilityDensity_10 ProbabilityDensity_11 ProbabilityDensity_12 ProbabilityDensity_13 ProbabilityDensity_14 ProbabilityDensity_15 EigenEnergyOnMesh_0 EigenEnergyOnMesh_1 EigenEnergyOnMesh_2 EigenEnergyOnMesh_3 EigenEnergyOnMesh_4 EigenEnergyOnMesh_5 EigenEnergyOnMesh_6 EigenEnergyOnMesh_7 EigenEnergyOnMesh_8 EigenEnergyOnMesh_9 EigenEnergyOnMesh_10 EigenEnergyOnMesh_11 EigenEnergyOnMesh_12 EigenEnergyOnMesh_13 EigenEnergyOnMesh_14 EigenEnergyOnMesh_15 
-25 3.6686e-24 8.26716e-26 1.20398e-18 1.20839e-18 4.63617e-10 4.63617e-10 1.76585e-09 1.76608e-09 3.42424e-09 5.04065e-12 1.5129e-11 3.24886e-11 5.47683e-11 6.38935e-11 1.26235e-10 1.1652e-10 -0.0965867 -0.0965867 -0.107639 -0.107639 -0.167917 -0.167917 -0.181141 -0.181141 -0.202121 -0.203041 -0.20436 -0.206481 -0.20946 -0.20946 -0.21331 -0.21331 
-24.019 5.65013e-24 1.06736e-24 4.67095e-05 4.67095e-05 16963.6 16963.6 65049.8 65049.8 150100 33086.4 96988.1 200555 333027 375317 701537 659663 -0.0965867 -0.0965867 -0.107639 -0.107639 -0.167917 -0.167917 -0.181141 -0.181141 -0.202121 -0.203041 -0.20436 -0.206481 -0.20946 -0.20946 -0.21331 -0.21331 
-23.0813 4.74391e-24 1.10441e-24 0.000220853 0.000220853 63704 63704 231640 231640 487397 122493 334863 617674 869682 991258 1.54364e+06 1.43899e+06 -0.0965867 -0.0965867 -0.107639 -0.107639 -0.167917 -0.167917 -0.181141 -0.181141 -0.202121 -0.203041 -0.20436 -0.206481 -0.20946 -0.20946 -0.21331 -0.21331 
-22.185 4.37476e-24 2.02893e-24 0.000650911 0.000650911 133210 133210 444925 444925 802767 250510 611661 928016 958178 1.11769e+06 1.18347e+06 1.07989e+06 -0.0965867 -0.0965867 -0.107639 -0.107639 -0.167917 -0.167917 -0.181141 -0.181141 -0.202121 -0.203041 -0.20436 -0.206481 -0.20946 -0.20946 -0.21331 -0.21331 
-21.3283 8.03097e-24 3.45159e-24 0.00162924 0.00162924 218151 218151 649308 649308 937462 398466 832196 938888 546539 671191 259505 218546 -0.0965867 -0.0965867 -0.107639 -0.107639 -0.167917 -0.167917 -0.181141 -0.181141 -0.202121 -0.203041 -0.20436 -0.206481 -0.20946 -0.20946 -0.21331 -0.21331 
-20.5094 3.54036e-24 1.6724e-24 0.00375735 0.00375735 311576 311576 802049 802049 849199 549500 937643 677771 97841.9 148158 52542.3 67042.6 -0.0965867 -0.0965867 -0.107639 -0.107639 -0.167917 -0.167917 -0.181141 -0.181141 -0.202121 -0.203041 -0.20436 -0.206481 -0.20946 -0.20946 -0.21331 -0.21331 
-19.7266 8.99247e-24 2.36799e-24 0.00821551 0.00821551 407368 407368 879482 879482 602050 690171 913750 320920 29773.7 28629.2 697139 709871 -0.0965867 -0.0965867 -0.107639 -0.107639 -0.167917 -0.167917 -0.181141 -0.181141 -0.202121 -0.203041 -0.20436 -0.206481 -0.20946 -0.20946 -0.21331 -0.21331 
-18.9784 8.95403e-24 3.8076e-24 0.0172331 0.0172331 500482 500482 876952 876952 312344 811068 782886 60999.9 359610 372107 1.31576e+06 1.28209e+06 -0.0965867 -0.0965867 -0.107639 -0.107639 -0.167917 -0.167917 -0.181141 -0.181141 -0.202121 -0.203041 -0.20436 -0.206481 -0.20946 -0.20946 -0.21331 -0.21331 
-18.2633 9.87704e-24 5.34415e-24 0.0348755 0.0348755 587030 587030 804768 804768 90014.7 906679 588415 7789.64 786994 874663 1.24303e+06 1.16863e+06 -0.0965867 -0.0965867 -0.107639 -0.107639 -0.167917 -0.167917 -0.181141 -0.181141 -0.202121 -0.203041 -0.20436 -0.206481 -0.20946 -0.20946 -0.21331 -0.21331 
-17.5797 2.11246e-22 1.99541e-22 0.0683132 0.0683132 664244 664244 682482 682482 743.609 974830 378729 159788 995101 1.17825e+06 638794 567254 -0.0965867 -0.0965867 -0.107639 -0.107639 -0.167917 -0.167917 -0.181141 -0.181141 -0.202121 -0.203041 -0.20436 -0.206481 -0.20946 -0.20946 -0.21331 -0.21331 
-16.9262 7.87474e-21 7.924e-21 0.129795 0.129795 730364 730364 533259 533259 55571.2 1.01592e+06 195326 433808 871784 1.12014e+06 108268 82574.5 -0.0965867 -0.0965867 -0.107639 -0.107639 -0.167917 -0.167917 -0.181141 -0.181141 -0.202121 -0.203041 -0.20436 -0.206481 -0.20946 -0.20946 -0.21331 -0.21331 
-16.3017 2.69204e-19 2.69179e-19 0.239616 0.239616 784491 784491 379392 379392 221631 1.03211e+06 66365.3 718299 529174 779896 52560.9 86021.2 -0.0965867 -0.0965867 -0.107639 -0.107639 -0.167917 -0.167917 -0.181141 -0.181141 -0.202121 -0.203041 -0.20436 -0.206481 -0.20946 -0.20946 -0.21331 -0.21331 
-15.7046 7.41657e-18 7.41091e-18 0.430433 0.430433 826420 826420 239357 239357 442814 1.02666e+06 5124.05 920187 182038 370145 407986 481483 -0.0965867 -0.0965867 -0.107639 -0.107639 -0.167917 -0.167917 -0.181141 -0.181141 -0.202121 -0.203041 -0.20436 -0.206481 -0.20946 -0.20946 -0.21331 -0.21331 
-15.134 1.69737e-16 1.69724e-16 0.753345 0.753345 856480 856480 126350 126350 660471 1.00331e+06 11833.5 990197 6941.06 91576.5 831022 910270 -0.0965867 -0.0965867 -0.107639 -0.107639 -0.167917 -0.167917 -0.181141 -0.181141 -0.202121 -0.203041 -0.20436 -0.206481 -0.20946 -0.20946 -0.21331 -0.21331 
-14.5885 3.28111e-15 3.28111e-15 1.28618 1.28618 875384 875384 48033.8 48033.8 828248 965898 77244.3 925943 65197.8 41660 1.01798e+06 1.07449e+06 -0.0965867 -0.0965867 -0.107639 -0.107639 -0.167917 -0.167917 -0.181141 -0.181141 -0.202121 -0.203041 -0.20436 -0.206481 -0.20946 -0.20946 -0.21331 -0.21331 
-14.0672 5.42206e-14 5.42213e-14 2.1445 2.1445 884104 884104 7079.72 7079.72 919259 918048 186594 760089 304781 201199 886326 909549 -0.0965867 -0.0965867 -0.107639 -0.107639 -0.167917 -0.167917 -0.181141 -0.181141 -0.202121 -0.203041 -0.20436 -0.206481 -0.20946 -0.20946 -0.21331 -0.21331 
-13.5688 7.7453e-13 7.74533e-13 3.49562 3.49562 883761 883761 2172.23 2172.23 926584 863004 323115 542714 611298 475058 556269 553807 -0.0965867 -0.0965867 -0.107639 -0.107639 -0.167917 -0.167917 -0.181141 -0.181141 -0.202121 -0.203041 -0.20436 -0.206481 -0.20946 -0.20946 -0.21331 -0.21331 
-13.0924 9.65938e-12 9.65939e-12 5.57625 5.57625 875549 875549 29164.3 29164.3 859400 803549 470685 324964 868048 749129 223267 212975 -0.0965867 -0.0965867 -0.107639 -0.107639 -0.167917 -0.167917 -0.181141 -0.181141 -0.202121 -0.203041 -0.20436 -0.206481 -0.20946 -0.20946 -0.21331 -0.21331 
-12.6371 1.06109e-10 1.06109e-10 8.71359 8.71359 860660 860660 82192.7 82192.7 737153 741979 615504 147748 997807 934963 35893.7 36141.1 -0.0965867 -0.0965867 -0.107639 -0.107639 -0.167917 -0.167917 -0.181141 -0.181141 -0.202121 -0.203041 -0.20436 -0.206481 -0.20946 -0.20946 -0.21331 -0.21331 
-12.2018 1.03493e-09 1.03493e-09 13.3503 13.3503 840248 840248 154631 154631 583671 680122 746940 36356.9 977608 990520 40317.8 62987 -0.0965867 -0.0965867 -0.107639 -0.107639 -0.167917 -0.167917 -0.181141 -0.181141 -0.202121 -0.203041 -0.20436 -0.206481 -0.20946 -0.20946 -0.21331 -0.21331 
-11.7858 9.02748e-09 9.02748e-09 20.0726 20.0726 815393 815393 239831 239831 422368 619383 857716 3.44566 831386 919188 191528 239454 -0.0965867 -0.0965867 -0.107639 -0.107639 -0.167917 -0.167917 -0.181141 -0.181141 -0.202121 -0.203041 -0.20436 -0.206481 -0.20946 -0.20946 -0.21331 -0.21331 
-11.3882 7.08893e-08 7.08893e-08 29.6415 29.6415 787081 787081 331639 331639 273001 560797 943668 34569.3 611036 755765 399458 467666 -0.0965867 -0.0965867 -0.107639 -0.107639 -0.167917 -0.167917 -0.181141 -0.181141 -0.202121 -0.203041 -0.20436 -0.206481 -0.20946 -0.20946 -0.21331 -0.21331 
-11.0081 5.04164e-07 5.04164e-07 43.0259 43.0259 756193 756193 424721 424721 149993 505088 1.00325e+06 126820 375832 548615 576570 655555 -0.0965867 -0.0965867 -0.107639 -0.107639 -0.167917 -0.167917 -0.181141 -0.181141 -0.202121 -0.203041 -0.20436 -0.206481 -0.20946 -0.20946 -0.21331 -0.21331 
-10.6447 3.26547e-06 3.26547e-06 61.4362 61.4362 723506 723506 514718 514718 62020.5 452730 1.03697e+06 258767 176538 344422 667566 746877 -0.0965867 -0.0965867 -0.107639 -0.107639 -0.167917 -0.167917 -0.181141 -0.181141 -0.202121 -0.203041 -0.20436 -0.206481 -0.20946 -0.20946 -0.21331 -0.21331 
-10.2975 1.9361e-05 1.9361e-05 86.3582 86.3582 689688 689688 598285 598285 12488 403992 1.04675e+06 411366 46629.8 178520 657428 728404 -0.0965867 -0.0965867 -0.107639 -0.107639 -0.167917 -0.167917 -0.181141 -0.181141 -0.202121 -0.203041 -0.20436 -0.206481 -0.20946 -0.20946 -0.21331 -0.21331 
-9.9655 0.000105579 0.000105579 119.585 119.585 655308 655308 673039 673039 510.674 358990 1.03547e+06 567184 129.092 71020.9 563663 620880 -0.0965867 -0.0965867 -0.107639 -0.107639 -0.167917 -0.167917 -0.181141 -0.181141 -0.202121 -0.203041 -0.20436 -0.206481 -0.20946 -0.20946 -0.21331 -0.21331 
-9.6482 0.000531874 0.000531874 163.246 163.246 620842 620842 737459 737459 22096.6 317724 1.00647e+06 712003 34132.1 27415.7 421529 463054 -0.0965867 -0.0965867 -0.107639 -0.107639 -0.167917 -0.167917 -0.181141 -0.181141 -0.202121 -0.203041 -0.20436 -0.206481 -0.20946 -0.20946 -0.21331 -0.21331 
-9.34491 0.00248545 0.00248545 219.836 219.836 586680 586680 790755 790755 71310 280106 963248 835509 133770 41807.1 269496 296305 -0.0965867 -0.0965867 -0.107639 -0.107639 -0.167917 -0.167917 -0.181141 -0.181141 -0.202121 -0.203041 -0.20436 -0.206481 -0.20946 -0.20946 -0.21331 -0.21331 
-9.05501 0.0108152 0.0108152 292.242 292.242 553135 553135 832727 832727 141284 245992 909216 931302 277730 101135 138964 153968 -0.0965867 -0.0965867 -0.107639 -0.107639 -0.167917 -0.167917 -0.181141 -0.181141 -0.202121 -0.203041 -0.20436 -0.206481 -0.20946 -0.20946 -0.21331 -0.21331 
-8.7779 0.0439802 0.0439802 383.781 383.781 520455 520455 863636 863636 225020 215196 847523 996475 443105 189210 49308.5 56315.8 -0.0965867 -0.0965867 -0.107639 -0.107639 -0.167917 -0.167917 -0.181141 -0.181141 -0.202121 -0.203041 -0.20436 -0.206481 -0.20946 -0.20946 -0.21331 -0.21331 
-8.51303 0.167702 0.167702 498.278 498.278 488829 488829 884072 884072 315963 187510 780966 1.03095e+06 608957 289909 7392.8 10249.9 -0.0965867 -0.0965867 -0.107639 -0.107639 -0.167917 -0.167917 -0.181141 -0.181141 -0.202121 -0.203041 -0.20436 -0.206481 -0.20946 -0.20946 -0.21331 -0.21331 
-8.25984 0.601521 0.601521 640.232 640.232 458395 458395 894857 894857 408363 162715 711947 1.03676e+06 758479 389303 9936.7 11937.3 -0.0965867 -0.0965867 -0.107639 -0.107639 -0.167917 -0.167917 -0.181141 -0.181141 -0.202121 -0.203041 -0.20436 -0.206481 -0.20946 -0.20946 -0.21331 -0.21331 
-8.01784 2.03561 2.03561 815.242 815.242 429250 429250 896951 896951 497478 140586 642461 1.01732e+06 879913 476778 47106.2 50678.4 -0.0965867 -0.0965867 -0.107639 -0.107639 -0.167917 -0.167917 -0.181141 -0.181141 -0.202121 -0.203041 -0.20436 -0.206481 -0.20946 -0.20946 -0.21331 -0.21331 
-7.78652 6.51758 6.51758 1031.06 1031.06 401455 401455 891378 891378 579625 120904 574115 976843 966534 545348 106112 112736 -0.0965867 -0.0965867 -0.107639 -0.107639 -0.167917 -0.167917 -0.181141 -0.181141 -0.202121 -0.203041 -0.20436 -0.206481 -0.20946 -0.20946 -0.21331 -0.21331 
-7.56541 19.7962 19.7962 1300.2 1300.2 375039 375039 879179 879179 652156 103456 508155 919851 1.01604e+06 591416 174106 184396 -0.0965867 -0.0965867 -0.107639 -0.107639 -0.167917 -0.167917 -0.181141 -0.181141 -0.202121 -0.203041 -0.20436 -0.206481 -0.20946 -0.20946 -0.21331 -0.21331 
-7.35406 57.1834 57.1834 1646.1 1646.1 350011 350011 861367 861367 713363 88040.5 445511 850795 1.02964e+06 614212 240116 253989 -0.0965867 -0.0965867 -0.107639 -0.107639 -0.167917 -0.167917 -0.181141 -0.181141 -0.202121 -0.203041 -0.20436 -0.206481 -0.20946 -0.20946 -0.21331 -0.21331 
-7.15204 157.464 157.464 2117.41 2117.41 326358 326358 838900 838900 762350 74467.5 386841 773811 1.01101e+06 615095 296034 312920 -0.0965867 -0.0965867 -0.107639 -0.107639 -0.167917 -0.167917 -0.181141 -0.181141 -0.202121 -0.203041 -0.20436 -0.206481 -0.20946 -0.20946 -0.21331 -0.21331 
-6.95894 414.277 414.277 2819.63 2819.63 304052 304052 812666 812666 798901 62560 332570 692564 965386 596854 336860 355901 -0.0965867 -0.0965867 -0.107639 -0.107639 -0.167917 -0.167917 -0.181141 -0.181141 -0.202121 -0.203041 -0.20436 -0.206481 -0.20946 -0.20946 -0.21331 -0.21331 
-6.77437 1043.57 1043.57 3982.35 3982.35 283053 283053 783470 783470 823335 52154.4 282935 610173 898716 563093 360432 380661 -0.0965867 -0.0965867 -0.107639 -0.107639 -0.167917 -0.167917 -0.181141 -0.181141 -0.202121 -0.203041 -0.20436 -0.206481 -0.20946 -0.20946 -0.21331 -0.21331 
-6.59794 2522.07 2522.07 6096.62 6096.62 263316 263316 752038 752038 836384 43100.3 238023 529185 817060 517721 366882 387348 -0.0965867 -0.0965867 -0.107639 -0.107639 -0.167917 -0.167917 -0.181141 -0.181141 -0.202121 -0.203041 -0.20436 -0.206481 -0.20946 -0.20946 -0.21331 -0.21331 
-6.4293 5859.02 5859.02 10183.8 10183.8 244789 244789 719013 719013 839080 35260.1 197800 451595 726126 464582 357980 377842 -0.0965867 -0.0965867 -0.107639 -0.107639 -0.167917 -0.167917 -0.181141 -0.181141 -0.202121 -0.203041 -0.20436 -0.206481 -0.20946 -0.20946 -0.21331 -0.21331 
-6.2681 13107.4 13107.4 18300.9 18300.9 227418 227418 684969 684969 832654 28508.3 162146 378893 630989 407198 336501 355083 -0.0965867 -0.0965867 -0.107639 -0.107639 -0.167917 -0.167917 -0.181141 -0.181141 -0.202121 -0.203041 -0.20436 -0.206481 -0.20946 -0.20946 -0.21331 -0.21331 
-6.11402 28286.8 28286.8 34453.4 34453.4 211152 211152 650414 650414 818466 22730.9 130871 312119 535931 348618 305689 322498 -0.0965867 -0.0965867 -0.107639 -0.107639 -0.167917 -0.167917 -0.181141 -0.181141 -0.202121 -0.203041 -0.20436 -0.206481 -0.20946 -0.20946 -0.21331 -0.21331 
-5.96675 58985 58985 66181.1 66181.1 195944 195944 615803 615803 797932 17824.6 103742 251933 444391 291345 268836 283560 -0.0965867 -0.0965867 -0.107639 -0.107639 -0.167917 -0.167917 -0.181141 -0.181141 -0.202121 -0.203041 -0.20436 -0.206481 -0.20946 -0.20946 -0.21331 -0.21331 
-5.82597 119033 119033 127212 127212 181755 181755 581552 581552 772483 13696 80494.6 198678 358983 237319 228987 241483 -0.0965867 -0.0965867 -0.107639 -0.107639 -0.167917 -0.167917 -0.181141 -0.181141 -0.202121 -0.203041 -0.20436 -0.206481 -0.20946 -0.20946 -0.21331 -0.21331 
-5.69141 232816 232816 241744 241744 168554 168554 548050 548050 743527 10260.4 60847.3 152440 281561 187954 188761 199026 -0.0965867 -0.0965867 -0.107639 -0.107639 -0.167917 -0.167917 -0.181141 -0.181141 -0.202121 -0.203041 -0.20436 -0.206481 -0.20946 -0.20946 -0.21331 -0.21331 
-5.56279 441967 441967 451114 451114 156330 156330 515670 515670 712418 7441.84 44512.3 113110 213318 144178 150261 158404 -0.0965867 -0.0965867 -0.107639 -0.107639 -0.167917 -0.167917 -0.181141 -0.181141 -0.202121 -0.203041 -0.20436 -0.206481 -0.20946 -0.20946 -0.21331 -0.21331 
-5.43984 815427 815427 823836 823836 145084 145084 484783 484783 680440 5171.51 31202.1 80429.5 154883 106509 115051 121265 -0.0965867 -0.0965867 -0.107639 -0.107639 -0.167917 -0.167917 -0.181141 -0.181141 -0.202121 -0.203041 -0.20436 -0.206481 -0.20946 -0.20946 -0.21331 -0.21331 
-5.32233 1.46406e+06 1.46406e+06 1.47022e+06 1.47022e+06 134845 134845 455768 455768 648794 3387.62 20635.8 54033.1 106436 75114.6 84185.3 88716.4 -0.0965867 -0.0965867 -0.107639 -0.107639 -0.167917 -0.167917 -0.181141 -0.181141 -0.202121 -0.203041 -0.20436 -0.206481 -0.20946 -0.20946 -0.21331 -0.21331 
-5.21 2.56119e+06 2.56119e+06 2.56295e+06 2.56295e+06 125663 125663 429024 429024 618590 2034.54 12542.8 33485.2 67801.3 49884.5 58259.8 61383.1 -0.0965867 -0.0965867 -0.107639 -0.107639 -0.167917 -0.167917 -0.181141 -0.181141 -0.202121 -0.203041 -0.20436 -0.206481 -0.20946 -0.20946 -0.21331 -0.21331 
-5.10263 4.37061e+06 4.37061e+06 4.36524e+06 4.36524e+06 117620 117620 404975 404975 590843 1062.26 6666.45 18307.4 38544.7 30491.4 37482.9 39482.8 -0.0965867 -0.0965867 -0.107639 -0.107639 -0.167917 -0.167917 -0.181141 -0.181141 -0.202121 -0.203041 -0.20436 -0.206481 -0.20946 -0.20946 -0.21331 -0.21331 
-5 7.28359e+06 7.28359e+06 7.26807e+06 7.26807e+06 110832 110832 384080 384080 566467 425.8 2765.07 8001.42 18045.5 16446.1 21750.2 22903.2 -0.0965867 -0.0965867 -0.107639 -0.107639 -0.167917 -0.167917 -0.181141 -0.181141 -0.202121 -0.203041 -0.20436 -0.206481 -0.20946 -0.20946 -0.21331 -0.21331 
-5 7.28359e+06 7.28359e+06 7.26807e+06 7.26807e+06 110832 110832 384080 384080 566467 425.8 2765.07 8001.42 18045.5 16446.1 21750.2 22903.2 -0.0965867 -0.0965867 -0.107639 -0.107639 -0.167917 -0.167917 -0.181141 -0.181141 -0.202121 -0.203041 -0.20436 -0.206481 -0.20946 -0.20946 -0.21331 -0.21331 
-4.89899 1.00496e+07 1.00496e+07 1.00254e+07 1.00254e+07 105124 105124 365964 365964 544995 88.6922 631.386 2080.83 5473.73 6748.94 9986.62 10511.3 -0.0965867 -0.0965867 -0.107639 -0.107639 -0.167917 -0.167917 -0.181141 -0.181141 -0.202121 -0.203041 -0.20436 -0.206481 -0.20946 -0.20946 -0.21331 -0.21331 
-4.79798 1.17119e+07 1.17119e+07 1.16832e+07 1.16832e+07 98558.7 98558.7 344837 344837 519652 8.79205 29.7062 15.3694 18.4984 720.836 1657.03 1741.83 -0.0965867 -0.0965867 -0.107639 -0.107639 -0.167917 -0.167917 -0.181141 -0.181141 -0.202121 -0.203041 -0.20436 -0.206481 -0.20946 -0.20946 -0.21331 -0.21331 
-4.69697 1.20764e+07 1.20764e+07 1.20476e+07 1.20476e+07 91148.7 91148.7 320794 320794 490329 226.269 1258.61 2820.31 4355.9 928.574 492.893 522.3 -0.0965867 -0.0965867 -0.107639 -0.107639 -0.167917 -0.167917 -0.181141 -0.181141 -0.202121 -0.203041 -0.20436 -0.206481 -0.20946 -0.20946 -0.21331 -0.21331 
-4.59596 1.13094e+07 1.13094e+07 1.12845e+07 1.12845e+07 83038.3 83038.3 294242 294242 456892 657.225 3842.25 9405.08 16800.6 6962.77 6654.17 7017.85 -0.0965867 -0.0965867 -0.107639 -0.107639 -0.167917 -0.167917 -0.181141 -0.181141 -0.202121 -0.203041 -0.20436 -0.206481 -0.20946 -0.20946 -0.21331 -0.21331 
-4.49495 9.77898e+06 9.77898e+06 9.76026e+06 9.76026e+06 74496.5 74496.5 265956 265956 419699 1153.09 6882.3 17449.4 32888.1 16274.9 17449.2 18391 -0.0965867 -0.0965867 -0.107639 -0.107639 -0.167917 -0.167917 -0.181141 -0.181141 -0.202121 -0.203041 -0.20436 -0.206481 -0.20946 -0.20946 -0.21331 -0.21331 
-4.39394 7.89525e+06 7.89525e+06 7.8834e+06 7.8834e+06 65856.4 65856.4 236959 236959 379743 1569.46 9482.52 24536.1 47659.2 25654.1 29037.4 30596.1 -0.0965867 -0.0965867 -0.107639 -0.107639 -0.167917 -0.167917 -0.181141 -0.181141 -0.202121 -0.203041 -0.20436 -0.206481 -0.20946 -0.20946 -0.21331 -0.21331 
-4.29293 6.00022e+06 6.00022e+06 5.9946e+06 5.9946e+06 57443.6 57443.6 208321 208321 338478 1813.39 11049.8 28994.7 57482.1 32521.4 38083.1 40120.3 -0.0965867 -0.0965867 -0.107639 -0.107639 -0.167917 -0.167917 -0.181141 -0.181141 -0.202121 -0.203041 -0.20436 -0.206481 -0.20946 -0.20946 -0.21331 -0.21331 
-4.19192 4.31856e+06 4.31856e+06 4.31781e+06 4.31781e+06 49522.4 49522.4 180968 180968 297495 1858.13 11396.3 30224.3 60849.1 35590.3 42715 44994.4 -0.0965867 -0.0965867 -0.107639 -0.107639 -0.167917 -0.167917 -0.181141 -0.181141 -0.202121 -0.203041 -0.20436 -0.206481 -0.20946 -0.20946 -0.21331 -0.21331 
-4.09091 2.95762e+06 2.95762e+06 2.96012e+06 2.96012e+06 42269.6 42269.6 155579 155579 258218 1731.33 10674.8 28556.4 58208.2 34870.9 42670.6 44943.1 -0.0965867 -0.0965867 -0.107639 -0.107639 -0.167917 -0.167917 -0.181141 -0.181141 -0.202121 -0.203041 -0.20436 -0.206481 -0.20946 -0.20946 -0.21331 -0.21331 
-3.9899 1.93477e+06 1.93477e+06 1.93907e+06 1.93907e+06 35775.1 35775.1 132558 132558 221712 1490.48 9231.09 24875.1 51235.8 31256.9 38869.3 40936 -0.0965867 -0.0965867 -0.107639 -0.107639 -0.167917 -0.167917 -0.181141 -0.181141 -0.202121 -0.203041 -0.20436 -0.206481 -0.20946 -0.20946 -0.21331 -0.21331 
-3.88889 1.21269e+06 1.21269e+06 1.21768e+06 1.21768e+06 30058.6 30058.6 112064 112064 188619 1198.58 7452.33 20209.8 42005.3 25995.4 32778.7 34519.1 -0.0965867 -0.0965867 -0.107639 -0.107639 -0.167917 -0.167917 -0.181141 -0.181141 -0.202121 -0.203041 -0.20436 -0.206481 -0.20946 -0.20946 -0.21331 -0.21331 
-3.78788 730198 730198 735117 735117 25091.5 25091.5 94078.2 94078.2 159203 907.501 5662.23 15442.4 32355.6 20257.6 25859.7 27231 -0.0965867 -0.0965867 -0.107639 -0.107639 -0.167917 -0.167917 -0.181141 -0.181141 -0.202121 -0.203041 -0.20436 -0.206481 -0.20946 -0.20946 -0.21331 -0.21331 
-3.68687 423307 423307 427738 427738 20817.9 20817.9 78466 78466 133445 650.84 4073.69 11167.1 23568.5 14898.9 19231.4 20250 -0.0965867 -0.0965867 -0.107639 -0.107639 -0.167917 -0.167917 -0.181141 -0.181141 -0.202121 -0.203041 -0.20436 -0.206481 -0.20946 -0.20946 -0.21331 -0.21331 
-3.58586 236712 236712 240476 240476 17169.5 17169.5 65034.2 65034.2 111146 444.205 2788.42 7679.83 16316.8 10399.1 13560.2 14277.6 -0.0965867 -0.0965867 -0.107639 -0.107639 -0.167917 -0.167917 -0.181141 -0.181141 -0.202121 -0.203041 -0.20436 -0.206481 -0.20946 -0.20946 -0.21331 -0.21331 
-3.48485 127895 127895 130966 130966 14076.1 14076.1 53566.1 53566.1 92011 289.609 1822.87 5042.45 10779.6 6918.2 9106.55 9587.86 -0.0965867 -0.0965867 -0.107639 -0.107639 -0.167917 -0.167917 -0.181141 -0.181141 -0.202121 -0.203041 -0.20436 -0.206481 -0.20946 -0.20946 -0.21331 -0.21331 
-3.38384 66862.5 66862.5 69300.1 69300.1 11470 11470 43843.5 43843.5 75712.5 180.927 1141.67 3170.98 6818 4402.29 5846.02 6154.71 -0.0965867 -0.0965867 -0.107639 -0.107639 -0.167917 -0.167917 -0.181141 -0.181141 -0.202121 -0.203041 -0.20436 -0.206481 -0.20946 -0.20946 -0.21331 -0.21331 
-3.28283 33866.2 33866.2 35765.5 35765.5 9288.49 9288.49 35657.8 35657.8 61922.5 108.587 686.822 1914.97 4139.79 2687.26 3598.24 3788.06 -0.0965867 -0.0965867 -0.107639 -0.107639 -0.167917 -0.167917 -0.181141 -0.181141 -0.202121 -0.203041 -0.20436 -0.206481 -0.20946 -0.20946 -0.21331 -0.21331 
-3.18182 16638.1 16638.1 18100 18100 7474.7 7474.7 28814.4 28814.4 50330.8 62.7465 397.77 1113.08 2418.61 1577.41 2128.78 2240.99 -0.0965867 -0.0965867 -0.107639 -0.107639 -0.167917 -0.167917 -0.181141 -0.181141 -0.202121 -0.203041 -0.20436 -0.206481 -0.20946 -0.20946 -0.21331 -0.21331 
-3.08081 7936.7 7936.7 9053.51 9053.51 5977.05 5977.05 23134.6 23134.6 40652.1 34.9751 222.193 623.909 1362.32 892.246 1213.15 1277.04 -0.0965867 -0.0965867 -0.107639 -0.107639 -0.167917 -0.167917 -0.181141 -0.181141 -0.202121 -0.203041 -0.20436 -0.206481 -0.20946 -0.20946 -0.21331 -0.21331 
-2.9798 3679.44 3679.44 4528.66 4528.66 4749.27 4749.27 18455.2 18455.2 32626.4 18.8365 119.91 337.816 741.064 487.199 667.17 702.279 -0.0965867 -0.0965867 -0.107639 -0.107639 -0.167917 -0.167917 -0.181141 -0.181141 -0.202121 -0.203041 -0.20436 -0.206481 -0.20946 -0.20946 -0.21331 -0.21331 
-2.87879 1659.19 1659.19 2303.1 2303.1 3750.01 3750.01 14628.5 14628.5 26018.8 9.8161 62.6103 176.946 389.899 257.211 354.645 373.294 -0.0965867 -0.0965867 -0.107639 -0.107639 -0.167917 -0.167917 -0.181141 -0.181141 -0.202121 -0.203041 -0.20436 -0.206481 -0.20946 -0.20946 -0.21331 -0.21331 
-2.77778 728.313 728.313 1215.55 1215.55 2942.63 2942.63 11522.4 11522.4 20618 4.956 31.6706 89.778 198.674 131.472 182.473 192.061 -0.0965867 -0.0965867 -0.107639 -0.107639 -0.167917 -0.167917 -0.181141 -0.181141 -0.202121 -0.203041 -0.20436 -0.206481 -0.20946 -0.20946 -0.21331 -0.21331 
-2.67677 311.428 311.428 679.401 679.401 2294.96 2294.96 9019.58 9019.58 16236 2.42702 15.5377 44.1745 98.1602 65.1428 90.9901 95.7676 -0.0965867 -0.0965867 -0.107639 -0.107639 -0.167917 -0.167917 -0.181141 -0.181141 -0.202121 -0.203041 -0.20436 -0.206481 -0.20946 -0.20946 -0.21331 -0.21331 
-2.57576 129.807 129.807 407.114 407.114 1779.1 1779.1 7017.5 7017.5 12706.3 1.15401 7.40091 21.1009 47.0756 31.3231 44.0215 46.3312 -0.0965867 -0.0965867 -0.107639 -0.107639 -0.167917 -0.167917 -0.181141 -0.181141 -0.202121 -0.203041 -0.20436 -0.206481 -0.20946 -0.20946 -0.21331 -0.21331 
-2.47475 52.7717 52.7717 261.211 261.211 1371.05 1371.05 5427.22 5427.22 9883.55 0.533269 3.42578 9.79411 21.935 14.6304 20.6845 21.7691 -0.0965867 -0.0965867 -0.107639 -0.107639 -0.167917 -0.167917 -0.181141 -0.181141 -0.202121 -0.203041 -0.20436 -0.206481 -0.20946 -0.20946 -0.21331 -0.21331 
-2.37374 20.9369 20.9369 177.129 177.129 1050.47 1050.47 4172.74 4172.74 7641.99 0.239689 1.54233 4.42118 9.9389 6.64402 9.44787 9.9429 -0.0965867 -0.0965867 -0.107639 -0.107639 -0.167917 -0.167917 -0.181141 -0.181141 -0.202121 -0.203041 -0.20436 -0.206481 -0.20946 -0.20946 -0.21331 -0.21331 
-2.27273 8.11065 8.11065 124.739 124.739 800.273 800.273 3189.77 3189.77 5874.19 0.10487 0.675891 1.9425 4.38269 2.93588 4.19843 4.41827 -0.0965867 -0.0965867 -0.107639 -0.107639 -0.167917 -0.167917 -0.181141 -0.181141 -0.202121 -0.203041 -0.20436 -0.206481 -0.20946 -0.20946 -0.21331 -0.21331 
-2.17172 3.06934 3.06934 89.8148 89.8148 606.257 606.257 2424.58 2424.58 4489.35 0.0446952 0.288513 0.831269 1.88218 1.26329 1.81649 1.91155 -0.0965867 -0.0965867 -0.107639 -0.107639 -0.167917 -0.167917 -0.181141 -0.181141 -0.202121 -0.203041 -0.20436 -0.206481 -0.20946 -0.20946 -0.21331 -0.21331 
-2.07071 1.13521 1.13521 65.3825 65.3825 456.754 456.754 1832.72 1832.72 3411.6 0.0185679 0.120041 0.346713 0.787755 0.529691 0.765731 0.805775 -0.0965867 -0.0965867 -0.107639 -0.107639 -0.167917 -0.167917 -0.181141 -0.181141 -0.202121 -0.203041 -0.20436 -0.206481 -0.20946 -0.20946 -0.21331 -0.21331 
-1.9697 0.410523 0.410523 47.7841 47.7841 342.258 342.258 1377.77 1377.77 2578.18 0.00752349 0.0487113 0.14103 0.321511 0.216555 0.314697 0.331143 -0.0965867 -0.0965867 -0.107639 -0.107639 -0.167917 -0.167917 -0.181141 -0.181141 -0.202121 -0.203041 -0.20436 -0.206481 -0.20946 -0.20946 -0.21331 -0.21331 
-1.86869 0.145211 0.145211 34.9168 34.9168 255.097 255.097 1030.19 1030.19 1937.71 0.0029749 0.0192891 0.0559772 0.128034 0.0863767 0.126165 0.132754 -0.0965867 -0.0965867 -0.107639 -0.107639 -0.167917 -0.167917 -0.181141 -0.181141 -0.202121 -0.203041 -0.20436 -0.206481 -0.20946 -0.20946 -0.21331 -0.21331 
-1.76768 0.0502609 0.0502609 25.4531 25.4531 189.137 189.137 766.224 766.224 1448.52 0.00114854 0.00745771 0.0216919 0.0497751 0.033631 0.0493689 0.0519458 -0.0965867 -0.0965867 -0.107639 -0.107639 -0.167917 -0.167917 -0.181141 -0.181141 -0.202121 -0.203041 -0.20436 -0.206481 -0.20946 -0.20946 -0.21331 -0.21331 
-1.66667 0.0170287 0.0170287 18.4879 18.4879 139.507 139.507 566.921 566.921 1077.1 0.000433169 0.00281656 0.0082108 0.0189003 0.0127885 0.0188651 0.0198493 -0.0965867 -0.0965867 -0.107639 -0.107639 -0.167917 -0.167917 -0.181141 -0.181141 -0.202121 -0.203041 -0.20436 -0.206481 -0.20946 -0.20946 -0.21331 -0.21331 
-1.56566 0.00564941 0.00564941 13.3726 13.3726 102.376 102.376 417.303 417.303 796.739 0.000159661 0.00103957 0.0030372 0.00701294 0.00475159 0.00704312 0.00741032 -0.0965867 -0.0965867 -0.107639 -0.107639 -0.167917 -0.167917 -0.181141 -0.181141 -0.202121 -0.203041 -0.20436 -0.206481 -0.20946 -0.20946 -0.21331 -0.21331 
-1.46465 0.00183583 0.00183583 9.62947 9.62947 74.7502 74.7502 305.614 305.614 586.324 5.75382e-05 0.000375138 0.00109837 0.00254386 0.0017258 0.00257018 0.0027041 -0.0965867 -0.0965867 -0.107639 -0.107639 -0.167917 -0.167917 -0.181141 -0.181141 -0.202121 -0.203041 -0.20436 -0.206481 -0.20946 -0.20946 -0.21331 -0.21331 
-1.36364 0.000584519 0.000584519 6.90233 6.90233 54.3084 54.3084 222.699 222.699 429.292 2.02817e-05 0.000132407 0.000388496 0.00090245 0.000612989 0.000917141 0.000964903 -0.0965867 -0.0965867 -0.107639 -0.107639 -0.167917 -0.167917 -0.181141 -0.181141 -0.202121 -0.203041 -0.20436 -0.206481 -0.20946 -0.20946 -0.21331 -0.21331 
-1.26263 0.000182402 0.000182402 4.92469 4.92469 39.2636 39.2636 161.478 161.478 312.744 6.99535e-06 4.57273e-05 0.000134448 0.000313226 0.000213008 0.000320151 0.000336814 -0.0965867 -0.0965867 -0.107639 -0.107639 -0.167917 -0.167917 -0.181141 -0.181141 -0.202121 -0.203041 -0.20436 -0.206481 -0.20946 -0.20946 -0.21331 -0.21331 
-1.16162 5.58013e-05 5.58013e-05 3.49748 3.49748 28.2493 28.2493 116.517 116.517 226.713 2.36169e-06 1.54575e-05 4.55414e-05 0.000106405 7.24405e-05 0.000109366 0.000115055 -0.0965867 -0.0965867 -0.107639 -0.107639 -0.167917 -0.167917 -0.181141 -0.181141 -0.202121 -0.203041 -0.20436 -0.206481 -0.20946 -0.20946 -0.21331 -0.21331 
-1.06061 1.674e-05 1.674e-05 2.4725 2.4725 20.2277 20.2277 83.6694 83.6694 163.547 7.80717e-07 5.11626e-06 1.5104e-05 3.53896e-05 2.41189e-05 3.65737e-05 3.84747e-05 -0.0965867 -0.0965867 -0.107639 -0.107639 -0.167917 -0.167917 -0.181141 -0.181141 -0.202121 -0.203041 -0.20436 -0.206481 -0.20946 -0.20946 -0.21331 -0.21331 
-0.959596 4.92572e-06 4.92572e-06 1.73996 1.73996 14.4155 14.4155 59.7963 59.7963 117.412 2.5279e-07 1.65864e-06 4.90625e-06 1.15276e-05 7.86442e-06 1.19773e-05 1.25994e-05 -0.0965867 -0.0965867 -0.107639 -0.107639 -0.167917 -0.167917 -0.181141 -0.181141 -0.202121 -0.203041 -0.20436 -0.206481 -0.20946 -0.20946 -0.21331 -0.21331 
-0.858586 1.42197e-06 1.42197e-06 1.21893 1.21893 10.2254 10.2254 42.534 42.534 83.8902 8.01957e-08 5.26828e-07 1.56139e-06 3.67866e-06 2.51214e-06 3.8423e-06 4.04174e-06 -0.0965867 -0.0965867 -0.107639 -0.107639 -0.167917 -0.167917 -0.181141 -0.181141 -0.202121 -0.203041 -0.20436 -0.206481 -0.20946 -0.20946 -0.21331 -0.21331 
-0.757576 4.02828e-07 4.02828e-07 0.850113 0.850113 7.21982 7.21982 30.1145 30.1145 59.6574 2.49341e-08 1.63994e-07 4.86976e-07 1.15041e-06 7.86357e-07 1.20779e-06 1.27047e-06 -0.0965867 -0.0965867 -0.107639 -0.107639 -0.167917 -0.167917 -0.181141 -0.181141 -0.202121 -0.203041 -0.20436 -0.206481 -0.20946 -0.20946 -0.21331 -0.21331 
-0.656566 1.12008e-07 1.12008e-07 0.590271 0.590271 5.0744 5.0744 21.2234 21.2234 42.2273 7.59989e-09 5.00442e-08 1.48886e-07 3.52666e-07 2.41276e-07 3.72123e-07 3.91464e-07 -0.0965867 -0.0965867 -0.107639 -0.107639 -0.167917 -0.167917 -0.181141 -0.181141 -0.202121 -0.203041 -0.20436 -0.206481 -0.20946 -0.20946 -0.21331 -0.21331 
-0.555556 3.05751e-08 3.05751e-08 0.408057 0.408057 3.55041 3.55041 14.8894 14.8894 29.7525 2.27146e-09 1.49746e-08 4.46336e-08 1.06014e-07 7.25846e-08 1.12407e-07 1.18275e-07 -0.0965867 -0.0965867 -0.107639 -0.107639 -0.167917 -0.167917 -0.181141 -0.181141 -0.202121 -0.203041 -0.20436 -0.206481 -0.20946 -0.20946 -0.21331 -0.21331 
-0.454545 8.1953e-09 8.1953e-09 0.280869 0.280869 2.47303 2.47303 10.3987 10.3987 20.8676 6.65875e-10 4.39475e-09 1.31236e-08 3.12391e-08 2.1415e-08 3.32981e-08 3.50509e-08 -0.0965867 -0.0965867 -0.107639 -0.107639 -0.167917 -0.167917 -0.181141 -0.181141 -0.202121 -0.203041 -0.20436 -0.206481 -0.20946 -0.20946 -0.21331 -0.21331 
-0.353535 2.15736e-09 2.15736e-09 0.192495 0.192495 1.71496 1.71496 7.23015 7.23015 14.5702 1.91503e-10 1.26537e-09 3.78536e-09 9.03029e-09 6.19799e-09 9.67557e-09 1.01938e-08 -0.0965867 -0.0965867 -0.107639 -0.107639 -0.167917 -0.167917 -0.181141 -0.181141 -0.202121 -0.203041 -0.20436 -0.206481 -0.20946 -0.20946 -0.21331 -0.21331 
-0.252525 5.57852e-10 5.57852e-10 0.131367 0.131367 1.18407 1.18407 5.00493 5.00493 10.128 5.40444e-11 3.57512e-10 1.07137e-09 2.5646e-09 1.76007e-09 2.75847e-09 2.90954e-09 -0.0965867 -0.0965867 -0.107639 -0.107639 -0.167917 -0.167917 -0.181141 -0.181141 -0.202121 -0.203041 -0.20436 -0.206481 -0.20946 -0.20946 -0.21331 -0.21331 
-0.151515 1.41721e-10 1.41721e-10 0.0892724 0.0892724 0.813979 0.813979 3.44946 3.44946 7.00911 1.49698e-11 9.91254e-11 2.9766e-10 7.11339e-10 4.90526e-10 7.71738e-10 8.1501e-10 -0.0965867 -0.0965867 -0.107639 -0.107639 -0.167917 -0.167917 -0.181141 -0.181141 -0.202121 -0.203041 -0.20436 -0.206481 -0.20946 -0.20946 -0.21331 -0.21331 
-0.0505051 3.53784e-11 3.53785e-11 0.0604133 0.0604133 0.557163 0.557163 2.36715 2.36715 4.82953 4.07062e-12 2.69854e-11 8.117e-11 1.9286e-10 1.34213e-10 2.11937e-10 2.23792e-10 -0.0965867 -0.0965867 -0.107639 -0.107639 -0.167917 -0.167917 -0.181141 -0.181141 -0.202121 -0.203041 -0.20436 -0.206481 -0.20946 -0.20946 -0.21331 -0.21331 
0.0505051 8.67972e-12 8.67972e-12 0.0407143 0.0407143 0.379754 0.379754 1.61748 1.61748 3.31335 1.08684e-12 7.2123e-12 2.17363e-11 5.17608e-11 3.60436e-11 5.71519e-11 5.99082e-11 -0.0965867 -0.0965867 -0.107639 -0.107639 -0.167917 -0.167917 -0.181141 -0.181141 -0.202121 -0.203041 -0.20436 -0.206481 -0.20946 -0.20946 -0.21331 -0.21331 
0.151515 2.09316e-12 2.09316e-12 0.0273261 0.0273261 0.257745 0.257745 1.10055 1.10055 2.26344 2.84998e-13 1.8906e-12 5.72322e-12 1.34997e-11 9.50709e-12 1.51326e-11 1.57281e-11 -0.0965867 -0.0965867 -0.107639 -0.107639 -0.167917 -0.167917 -0.181141 -0.181141 -0.202121 -0.203041 -0.20436 -0.206481 -0.20946 -0.20946 -0.21331 -0.21331 
0.252525 4.96243e-13 4.96246e-13 0.0182658 0.0182658 0.174205 0.174205 0.74568 0.74568 1.53966 7.34024e-14 4.87904e-13 1.47707e-12 3.50221e-12 2.46506e-12 3.9349e-12 4.0752e-12 -0.0965867 -0.0965867 -0.107639 -0.107639 -0.167917 -0.167917 -0.181141 -0.181141 -0.202121 -0.203041 -0.20436 -0.206481 -0.20946 -0.20946 -0.21331 -0.21331 
0.353535 1.15677e-13 1.15678e-13 0.0121604 0.0121604 0.117256 0.117256 0.503137 0.503137 1.04293 1.85724e-14 1.23875e-13 3.74342e-13 8.91055e-13 6.25698e-13 1.00498e-12 9.80462e-13 -0.0965867 -0.0965867 -0.107639 -0.107639 -0.167917 -0.167917 -0.181141 -0.181141 -0.202121 -0.203041 -0.20436 -0.206481 -0.20946 -0.20946 -0.21331 -0.21331 
0.454545 2.65163e-14 2.65169e-14 0.00806334 0.00806334 0.0785999 0.0785999 0.338085 0.338085 0.703521 4.61908e-15 3.07206e-14 9.36377e-14 1.90894e-13 1.5622e-13 2.51808e-13 2.07993e-13 -0.0965867 -0.0965867 -0.107639 -0.107639 -0.167917 -0.167917 -0.181141 -0.181141 -0.202121 -0.203041 -0.20436 -0.206481 -0.20946 -0.20946 -0.21331 -0.21331 
0.555556 5.97812e-15 5.97832e-15 0.00532546 0.00532546 0.0524738 0.0524738 0.22625 0.22625 0.472611 1.12777e-15 7.62849e-15 2.25201e-14 6.86577e-14 3.8578e-14 6.21663e-14 4.7004e-14 -0.0965867 -0.0965867 -0.107639 -0.107639 -0.167917 -0.167917 -0.181141 -0.181141 -0.202121 -0.203041 -0.20436 -0.206481 -0.20946 -0.20946 -0.21331 -0.21331 
0.656566 1.3257e-15 1.32575e-15 0.00350339 0.00350339 0.0348907 0.0348907 0.150795 0.150795 0.316193 2.70538e-16 1.84854e-15 5.3909e-15 5.75539e-14 9.32021e-15 1.51309e-14 1.22448e-14 -0.0965867 -0.0965867 -0.107639 -0.107639 -0.167917 -0.167917 -0.181141 -0.181141 -0.202121 -0.203041 -0.20436 -0.206481 -0.20946 -0.20946 -0.21331 -0.21331 
0.757576 2.89191e-16 2.89241e-16 0.00229573 0.00229573 0.0231067 0.0231067 0.100101 0.100101 0.210686 6.39886e-17 4.1771e-16 1.32818e-15 1.60343e-14 2.21296e-15 3.57961e-15 5.02998e-15 -0.0965867 -0.0965867 -0.107639 -0.107639 -0.167917 -0.167917 -0.181141 -0.181141 -0.202121 -0.203041 -0.20436 -0.206481 -0.20946 -0.20946 -0.21331 -0.21331 
0.858586 6.20635e-17 6.208e-17 0.00149854 0.00149854 0.015242 0.015242 0.0661843 0.0661843 0.139821 1.47502e-17 1.16363e-16 2.60974e-16 1.62146e-14 4.89389e-16 8.48631e-16 4.03651e-15 -0.0965867 -0.0965867 -0.107639 -0.107639 -0.167917 -0.167917 -0.181141 -0.181141 -0.202121 -0.203041 -0.20436 -0.206481 -0.20946 -0.20946 -0.21331 -0.21331 
0.959596 1.31072e-17 1.31124e-17 0.000974418 0.000974418 0.0100146 0.0100146 0.0435865 0.0435865 0.0924218 3.35391e-18 2.8262e-17 5.89723e-17 8.38088e-15 9.62277e-17 1.97079e-16 2.00871e-15 -0.0965867 -0.0965867 -0.107639 -0.107639 -0.167917 -0.167917 -0.181141 -0.181141 -0.202121 -0.203041 -0.20436 -0.206481 -0.20946 -0.20946 -0.21331 -0.21331 
1.06061 2.72356e-18 2.72574e-18 0.000631193 0.000631193 0.00655432 0.00655432 0.0285919 0.0285919 0.0608494 7.72957e-19 4.4417e-18 2.36958e-17 6.92197e-15 2.45552e-17 4.36742e-17 2.59328e-15 -0.0965867 -0.0965867 -0.107639 -0.107639 -0.167917 -0.167917 -0.181141 -0.181141 -0.202121 -0.203041 -0.20436 -0.206481 -0.20946 -0.20946 -0.21331 -0.21331 
1.16162 5.56986e-19 5.57392e-19 0.000407315 0.000407315 0.00427305 0.00427305 0.0186828 0.0186828 0.0399054 1.63071e-19 4.14887e-18 6.36618e-18 1.23824e-14 1.03632e-17 1.28772e-17 4.57725e-15 -0.0965867 -0.0965867 -0.107639 -0.107639 -0.167917 -0.167917 -0.181141 -0.181141 -0.202121 -0.203041 -0.20436 -0.206481 -0.20946 -0.20946 -0.21331 -0.21331 
1.26263 1.12097e-19 1.12186e-19 0.000261857 0.000261857 0.00277509 0.00277509 0.0121607 0.0121607 0.0260683 3.70345e-20 5.93419e-19 1.81112e-18 1.89944e-15 5.2401e-18 4.06462e-18 2.93123e-15 -0.0965867 -0.0965867 -0.107639 -0.107639 -0.167917 -0.167917 -0.181141 -0.181141 -0.202121 -0.203041 -0.20436 -0.206481 -0.20946 -0.20946 -0.21331 -0.21331 
1.36364 2.22564e-20 2.2188e-20 0.000167716 0.000167716 0.00179538 0.00179538 0.00788517 0.00788517 0.0169635 1.05806e-20 2.01864e-18 7.38659e-18 1.47969e-14 2.77411e-18 1.62396e-18 2.08944e-15 -0.0965867 -0.0965867 -0.107639 -0.107639 -0.167917 -0.167917 -0.181141 -0.181141 -0.202121 -0.203041 -0.20436 -0.206481 -0.20946 -0.20946 -0.21331 -0.21331 
1.46465 4.36907e-21 4.32024e-21 0.000107022 0.000107022 0.00115715 0.00115715 0.00509339 0.00509339 0.0109964 1.26577e-21 1.29119e-18 3.16114e-18 7.89976e-15 5.276e-18 6.99416e-19 1.94031e-15 -0.0965867 -0.0965867 -0.107639 -0.107639 -0.167917 -0.167917 -0.181141 -0.181141 -0.202121 -0.203041 -0.20436 -0.206481 -0.20946 -0.20946 -0.21331 -0.21331 
1.56566 8.19775e-22 8.44398e-22 6.80405e-05 6.80405e-05 0.000742998 0.000742998 0.00327763 0.00327763 0.00710115 4.04143e-22 3.61243e-19 1.04805e-18 2.3639e-15 2.49532e-18 3.49197e-19 2.2604e-15 -0.0965867 -0.0965867 -0.107639 -0.107639 -0.167917 -0.167917 -0.181141 -0.181141 -0.202121 -0.203041 -0.20436 -0.206481 -0.20946 -0.20946 -0.21331 -0.21331 
1.66667 1.56817e-22 1.67258e-22 4.30995e-05 4.30995e-05 0.000475293 0.000475293 0.00210127 0.00210127 0.0045684 6.70358e-22 1.70075e-18 4.94628e-18 1.12052e-14 1.14109e-18 4.43153e-19 1.09087e-15 -0.0965867 -0.0965867 -0.107639 -0.107639 -0.167917 -0.167917 -0.181141 -0.181141 -0.202121 -0.203041 -0.20436 -0.206481 -0.20946 -0.20946 -0.21331 -0.21331 
1.76768 4.04886e-23 2.99898e-23 2.72018e-05 2.72018e-05 0.000302917 0.000302917 0.0013421 0.0013421 0.00292798 7.07944e-22 2.64046e-18 7.51527e-18 1.72482e-14 1.93964e-18 1.33688e-18 5.01563e-15 -0.0965867 -0.0965867 -0.107639 -0.107639 -0.167917 -0.167917 -0.181141 -0.181141 -0.202121 -0.203041 -0.20436 -0.206481 -0.20946 -0.20946 -0.21331 -0.21331 
1.86869 7.99708e-24 8.53232e-24 1.71062e-05 1.71062e-05 0.000192346 0.000192346 0.000854044 0.000854044 0.00186962 3.21245e-22 1.02342e-18 2.96448e-18 6.74611e-15 5.24814e-18 4.30214e-19 1.12393e-14 -0.0965867 -0.0965867 -0.107639 -0.107639 -0.167917 -0.167917 -0.181141 -0.181141 -0.202121 -0.203041 -0.20436 -0.206481 -0.20946 -0.20946 -0.21331 -0.21331 
1.9697 1.65195e-24 4.65514e-24 1.07189e-05 1.07189e-05 0.00012169 0.00012169 0.000541473 0.000541473 0.0011894 6.99379e-22 2.38908e-18 6.90604e-18 1.57327e-14 1.19033e-17 4.46963e-19 1.66695e-14 -0.0965867 -0.0965867 -0.107639 -0.107639 -0.167917 -0.167917 -0.181141 -0.181141 -0.202121 -0.203041 -0.20436 -0.206481 -0.20946 -0.20946 -0.21331 -0.21331 
2.07071 3.10352e-24 3.86856e-24 6.69264e-06 6.69264e-06 7.67088e-05 7.67088e-05 0.000342048 0.000342048 0.000753888 3.26627e-22 1.16433e-18 3.35166e-18 7.64037e-15 9.58707e-18 1.06979e-18 1.98981e-14 -0.0965867 -0.0965867 -0.107639 -0.107639 -0.167917 -0.167917 -0.181141 -0.181141 -0.202121 -0.203041 -0.20436 -0.206481 -0.20946 -0.20946 -0.21331 -0.21331 
2.17172 2.49461e-24 2.02807e-24 4.16395e-06 4.16395e-06 4.818e-05 4.818e-05 0.000215289 0.000215289 0.0004761 7.48602e-22 2.61848e-18 7.54739e-18 1.72141e-14 4.39353e-18 6.19856e-19 1.58884e-14 -0.0965867 -0.0965867 -0.107639 -0.107639 -0.167917 -0.167917 -0.181141 -0.181141 -0.202121 -0.203041 -0.20436 -0.206481 -0.20946 -0.20946 -0.21331 -0.21331 
2.27273 2.35894e-24 2.00198e-24 2.58156e-06 2.58156e-06 3.01529e-05 3.01529e-05 0.000135018 0.000135018 0.00029958 5.04203e-22 1.76436e-18 5.0885e-18 1.16126e-14 2.50831e-18 5.04849e-19 9.20694e-15 -0.0965867 -0.0965867 -0.107639 -0.107639 -0.167917 -0.167917 -0.181141 -0.181141 -0.202121 -0.203041 -0.20436 -0.206481 -0.20946 -0.20946 -0.21331 -0.21331 
2.37374 3.8125e-24 2.47918e-24 1.59492e-06 1.59492e-06 1.88036e-05 1.88036e-05 8.4373e-05 8.4373e-05 0.000187828 2.84415e-22 9.70829e-19 2.79444e-18 6.36667e-15 4.30689e-18 3.56757e-19 4.00479e-15 -0.0965867 -0.0965867 -0.107639 -0.107639 -0.167917 -0.167917 -0.181141 -0.181141 -0.202121 -0.203041 -0.20436 -0.206481 -0.20946 -0.20946 -0.21331 -0.21331 
2.47475 1.30876e-24 1.13968e-24 9.81937e-07 9.81937e-07 1.16846e-05 1.16846e-05 5.25376e-05 5.25376e-05 0.000117342 1.60696e-22 5.68528e-19 1.63842e-18 3.73652e-15 1.73107e-18 2.26637e-19 9.53676e-15 -0.0965867 -0.0965867 -0.107639 -0.107639 -0.167917 -0.167917 -0.181141 -0.181141 -0.202121 -0.203041 -0.20436 -0.206481 -0.20946 -0.20946 -0.21331 -0.21331 
2.57576 1.42031e-24 5.12013e-25 6.02456e-07 6.02456e-07 7.23532e-06 7.23532e-06 3.25987e-05 3.25987e-05 7.30463e-05 2.42008e-22 8.68821e-19 2.49945e-18 5.69534e-15 9.00189e-19 3.58253e-19 1.10325e-14 -0.0965867 -0.0965867 -0.107639 -0.107639 -0.167917 -0.167917 -0.181141 -0.181141 -0.202121 -0.203041 -0.20436 -0.206481 -0.20946 -0.20946 -0.21331 -0.21331 
2.67677 1.52418e-24 2.21486e-25 3.68361e-07 3.68361e-07 4.46457e-06 4.46457e-06 2.0156e-05 2.0156e-05 4.53114e-05 4.75461e-22 1.61741e-18 4.65896e-18 1.06215e-14 3.55712e-18 4.71954e-19 5.23884e-15 -0.0965867 -0.0965867 -0.107639 -0.107639 -0.167917 -0.167917 -0.181141 -0.181141 -0.202121 -0.203041 -0.20436 -0.206481 -0.20946 -0.20946 -0.21331 -0.21331 
2.77778 4.65003e-25 6.18415e-25 2.24459e-07 2.24459e-07 2.7453e-06 2.7453e-06 1.24191e-05 1.24191e-05 2.80085e-05 3.88544e-22 1.31651e-18 3.7922e-18 8.64286e-15 2.04488e-18 2.50988e-19 1.0088e-14 -0.0965867 -0.0965867 -0.107639 -0.107639 -0.167917 -0.167917 -0.181141 -0.181141 -0.202121 -0.203041 -0.20436 -0.206481 -0.20946 -0.20946 -0.21331 -0.21331 
2.87879 1.66817e-24 6.16653e-25 1.36308e-07 1.36308e-07 1.68228e-06 1.68228e-06 7.62548e-06 7.6255e-06 1.72525e-05 9.40889e-22 3.23432e-18 9.316e-18 2.12399e-14 1.53071e-18 8.15494e-19 4.85717e-15 -0.0965867 -0.0965867 -0.107639 -0.107639 -0.167917 -0.167917 -0.181141 -0.181141 -0.202121 -0.203041 -0.20436 -0.206481 -0.20946 -0.20946 -0.21331 -0.21331 
2.9798 3.23665e-24 6.70777e-25 8.24972e-08 8.24972e-08 1.02733e-06 1.02733e-06 4.666e-06 4.66601e-06 1.05903e-05 6.8453e-22 2.31419e-18 6.66998e-18 1.52116e-14 2.91766e-18 1.10961e-18 1.58665e-15 -0.0965867 -0.0965867 -0.107639 -0.107639 -0.167917 -0.167917 -0.181141 -0.181141 -0.202121 -0.203041 -0.20436 -0.206481 -0.20946 -0.20946 -0.21331 -0.21331 
3.08081 1.91937e-24 1.06412e-24 4.97618e-08 4.97618e-08 6.25231e-07 6.25231e-07 2.84532e-06 2.84532e-06 6.47833e-06 2.43759e-22 8.43852e-19 2.42951e-18 5.53684e-15 1.0594e-18 1.04428e-18 4.55876e-15 -0.0965867 -0.0965867 -0.107639 -0.107639 -0.167917 -0.167917 -0.181141 -0.181141 -0.202121 -0.203041 -0.20436 -0.206481 -0.20946 -0.20946 -0.21331 -0.21331 
3.18182 2.41143e-24 1.95011e-24 2.99158e-08 2.99158e-08 3.79221e-07 3.79221e-07 1.72916e-06 1.72917e-06 3.94936e-06 1.94369e-22 6.82467e-19 1.96712e-18 4.48804e-15 1.95709e-18 1.83181e-18 5.08323e-15 -0.0965867 -0.0965867 -0.107639 -0.107639 -0.167917 -0.167917 -0.181141 -0.181141 -0.202121 -0.203041 -0.20436 -0.206481 -0.20946 -0.20946 -0.21331 -0.21331 
3.28283 1.01805e-24 3.11255e-24 1.79251e-08 1.79251e-08 2.29232e-07 2.29232e-07 1.04729e-06 1.0473e-06 2.39943e-06 4.16193e-22 1.44453e-18 4.16155e-18 9.48894e-15 1.45034e-18 2.16374e-18 1.75547e-15 -0.0965867 -0.0965867 -0.107639 -0.107639 -0.167917 -0.167917 -0.181141 -0.181141 -0.202121 -0.203041 -0.20436 -0.206481 -0.20946 -0.20946 -0.21331 -0.21331 
3.38384 9.42384e-25 3.76108e-24 1.07049e-08 1.07049e-08 1.38102e-07 1.38102e-07 6.32167e-07 6.32171e-07 1.45283e-06 8.00401e-22 2.70757e-18 7.80853e-18 1.78123e-14 2.15801e-18 8.89654e-19 9.32375e-16 -0.0965867 -0.0965867 -0.107639 -0.107639 -0.167917 -0.167917 -0.181141 -0.181141 -0.202121 -0.203041 -0.20436 -0.206481 -0.20946 -0.20946 -0.21331 -0.21331 
3.48485 1.67366e-24 8.28389e-24 6.37205e-09 6.37205e-09 8.29223e-08 8.29223e-08 3.80313e-07 3.80311e-07 8.76714e-07 3.43435e-22 1.20798e-18 3.48017e-18 7.93952e-15 1.12465e-18 5.51066e-19 3.08827e-15 -0.0965867 -0.0965867 -0.107639 -0.107639 -0.167917 -0.167917 -0.181141 -0.181141 -0.202121 -0.203041 -0.20436 -0.206481 -0.20946 -0.20946 -0.21331 -0.21331 
3.58586 2.02177e-24 1.08e-23 3.78054e-09 3.78054e-09 4.9625e-08 4.9625e-08 2.28035e-07 2.28033e-07 5.27283e-07 4.53063e-22 1.62792e-18 4.6866e-18 1.06873e-14 1.75255e-18 7.55301e-19 3.20896e-15 -0.0965867 -0.0965867 -0.107639 -0.107639 -0.167917 -0.167917 -0.181141 -0.181141 -0.202121 -0.203041 -0.20436 -0.206481 -0.20946 -0.20946 -0.21331 -0.21331 
3.68687 5.57015e-25 9.81835e-24 2.23572e-09 2.23572e-09 2.96003e-08 2.96003e-08 1.36277e-07 1.36277e-07 3.1607e-07 9.96726e-22 3.42055e-18 9.86475e-18 2.25065e-14 3.24447e-18 6.27292e-19 5.99463e-15 -0.0965867 -0.0965867 -0.107639 -0.107639 -0.167917 -0.167917 -0.181141 -0.181141 -0.202121 -0.203041 -0.20436 -0.206481 -0.20946 -0.20946 -0.21331 -0.21331 
3.78788 1.11841e-24 9.86667e-24 1.31789e-09 1.31789e-09 1.75981e-08 1.75981e-08 8.11738e-08 8.11749e-08 1.88836e-07 4.77868e-22 1.65262e-18 4.76311e-18 1.08616e-14 7.87408e-18 1.35208e-18 2.18617e-15 -0.0965867 -0.0965867 -0.107639 -0.107639 -0.167917 -0.167917 -0.181141 -0.181141 -0.202121 -0.203041 -0.20436 -0.206481 -0.20946 -0.20946 -0.21331 -0.21331 
3.88889 4.52192e-25 3.55396e-24 7.74366e-10 7.74366e-10 1.04286e-08 1.04286e-08 4.81938e-08 4.81942e-08 1.12451e-07 1.64107e-22 5.62778e-19 1.62182e-18 3.69722e-15 5.25625e-18 1.26934e-18 6.77474e-15 -0.0965867 -0.0965867 -0.107639 -0.107639 -0.167917 -0.167917 -0.181141 -0.181141 -0.202121 -0.203041 -0.20436 -0.206481 -0.20946 -0.20946 -0.21331 -0.21331 
3.9899 6.71758e-25 2.52469e-24 4.53562e-10 4.53562e-10 6.16004e-09 6.16004e-09 2.85208e-08 2.85206e-08 6.67464e-08 2.3948e-22 8.16917e-19 2.35227e-18 5.36277e-15 3.72344e-18 5.23292e-19 1.10211e-14 -0.0965867 -0.0965867 -0.107639 -0.107639 -0.167917 -0.167917 -0.181141 -0.181141 -0.202121 -0.203041 -0.20436 -0.206481 -0.20946 -0.20946 -0.21331 -0.21331 
4.09091 1.44732e-24 1.72086e-24 2.6483e-10 2.6483e-10 3.62712e-09 3.62712e-09 1.68248e-08 1.68247e-08 3.94913e-08 9.58112e-23 3.1779e-19 9.16102e-19 2.08706e-15 6.74541e-18 2.74556e-19 6.4374e-15 -0.0965867 -0.0965867 -0.107639 -0.107639 -0.167917 -0.167917 -0.181141 -0.181141 -0.202121 -0.203041 -0.20436 -0.206481 -0.20946 -0.20946 -0.21331 -0.21331 
4.19192 8.53055e-25 1.27829e-24 1.54156e-10 1.54156e-10 2.12906e-09 2.12905e-09 9.89412e-09 9.89445e-09 2.32922e-08 4.16384e-22 1.40672e-18 4.05991e-18 9.26304e-15 5.98156e-18 6.35345e-19 1.98697e-15 -0.0965867 -0.0965867 -0.107639 -0.107639 -0.167917 -0.167917 -0.181141 -0.181141 -0.202121 -0.203041 -0.20436 -0.206481 -0.20946 -0.20946 -0.21331 -0.21331 
4.29293 2.04256e-24 1.88187e-24 8.94665e-11 8.94665e-11 1.24594e-09 1.24594e-09 5.80079e-09 5.80114e-09 1.3696e-08 6.61632e-22 2.28727e-18 6.59737e-18 1.50539e-14 2.68316e-18 8.64426e-19 1.28298e-15 -0.0965867 -0.0965867 -0.107639 -0.107639 -0.167917 -0.167917 -0.181141 -0.181141 -0.202121 -0.203041 -0.20436 -0.206481 -0.20946 -0.20946 -0.21331 -0.21331 
4.39394 3.03124e-24 3.45234e-24 5.17761e-11 5.1776e-11 7.27043e-10 7.27042e-10 3.39113e-09 3.39125e-09 8.03006e-09 5.63865e-22 1.94617e-18 5.61702e-18 1.28207e-14 2.2266e-18 3.74075e-19 2.04072e-15 -0.0965867 -0.0965867 -0.107639 -0.107639 -0.167917 -0.167917 -0.181141 -0.181141 -0.202121 -0.203041 -0.20436 -0.206481 -0.20946 -0.20946 -0.21331 -0.21331 
4.49495 3.41603e-24 5.64151e-24 2.98864e-11 2.98863e-11 4.23136e-10 4.23136e-10 1.97722e-09 1.97723e-09 4.69559e-09 6.36297e-22 2.1703e-18 6.26381e-18 1.42949e-14 1.66706e-18 4.81524e-19 9.27881e-16 -0.0965867 -0.0965867 -0.107639 -0.107639 -0.167917 -0.167917 -0.181141 -0.181141 -0.202121 -0.203041 -0.20436 -0.206481 -0.20946 -0.20946 -0.21331 -0.21331 
4.59596 4.32923e-24 3.67696e-24 1.72137e-11 1.72137e-11 2.45719e-10 2.45718e-10 1.15027e-09 1.15034e-09 2.73961e-09 3.50308e-22 1.19534e-18 3.4503e-18 7.8745e-15 3.68723e-18 2.04622e-19 2.29546e-15 -0.0965867 -0.0965867 -0.107639 -0.107639 -0.167917 -0.167917 -0.181141 -0.181141 -0.202121 -0.203041 -0.20436 -0.206481 -0.20946 -0.20946 -0.21331 -0.21331 
4.69697 2.83945e-24 3.45409e-24 9.9003e-12 9.90027e-12 1.42477e-10 1.42476e-10 6.6817e-10 6.6828e-10 1.59595e-09 5.5217e-22 1.8508e-18 5.33744e-18 1.21745e-14 1.75767e-18 3.78352e-19 6.84308e-15 -0.0965867 -0.0965867 -0.107639 -0.107639 -0.167917 -0.167917 -0.181141 -0.181141 -0.202121 -0.203041 -0.20436 -0.206481 -0.20946 -0.20946 -0.21331 -0.21331 
4.79798 4.90734e-24 5.84684e-24 5.69298e-12 5.693e-12 8.25898e-11 8.25895e-11 3.88009e-10 3.88089e-10 9.294e-10 9.79174e-22 3.34086e-18 9.63673e-18 2.19845e-14 3.23817e-18 1.03808e-18 3.10004e-15 -0.0965867 -0.0965867 -0.107639 -0.107639 -0.167917 -0.167917 -0.181141 -0.181141 -0.202121 -0.203041 -0.20436 -0.206481 -0.20946 -0.20946 -0.21331 -0.21331 
4.89899 2.18694e-24 2.8167e-24 3.28017e-12 3.28018e-12 4.79624e-11 4.79624e-11 2.25722e-10 2.25752e-10 5.42175e-10 7.72542e-22 2.61428e-18 7.54014e-18 1.71996e-14 1.06565e-18 8.38563e-19 1.30673e-15 -0.0965867 -0.0965867 -0.107639 -0.107639 -0.167917 -0.167917 -0.181141 -0.181141 -0.202121 -0.203041 -0.20436 -0.206481 -0.20946 -0.20946 -0.21331 -0.21331 
5 2.44289e-24 1.86131e-24 1.90092e-12 1.90093e-12 2.80058e-11 2.80058e-11 1.32022e-10 1.32027e-10 3.17955e-10 6.89151e-23 2.3515e-19 6.76965e-19 1.54291e-15 1.23286e-18 6.75426e-19 1.79406e-15 -0.0965867 -0.0965867 -0.107639 -0.107639 -0.167917 -0.167917 -0.181141 -0.181141 -0.202121 -0.203041 -0.20436 -0.206481 -0.20946 -0.20946 -0.21331 -0.21331 
5 2.44289e-24 1.86131e-24 1.90092e-12 1.90093e-12 2.80058e-11 2.80058e-11 1.32022e-10 1.32027e-10 3.17955e-10 6.89151e-23 2.3515e-19 6.76965e-19 1.54291e-15 1.23286e-18 6.75426e-19 1.79406e-15 -0.0965867 -0.0965867 -0.107639 -0.107639 -0.167917 -0.167917 -0.181141 -0.181141 -0.202121 -0.203041 -0.20436 -0.206481 -0.20946 -0.20946 -0.21331 -0.21331 
5.10263 2.54954e-24 1.8148e-24 1.00376e-12 1.00376e-12 1.49164e-11 1.49162e-11 7.04507e-11 7.04471e-11 1.70187e-10 4.83215e-22 1.65749e-18 4.77439e-18 1.08881e-14 1.48481e-18 5.85921e-19 1.47374e-15 -0.0965867 -0.0965867 -0.107639 -0.107639 -0.167917 -0.167917 -0.181141 -0.181141 -0.202121 -0.203041 -0.20436 -0.206481 -0.20946 -0.20946 -0.21331 -0.21331 
5.21 2.9892e-24 1.9501e-24 5.14485e-13 5.14487e-13 7.7149e-12 7.71487e-12 3.65109e-11 3.65015e-11 8.84801e-11 2.90784e-22 9.91479e-19 2.85765e-18 6.51976e-15 5.35003e-18 3.87459e-19 1.39237e-15 -0.0965867 -0.0965867 -0.107639 -0.107639 -0.167917 -0.167917 -0.181141 -0.181141 -0.202121 -0.203041 -0.20436 -0.206481 -0.20946 -0.20946 -0.21331 -0.21331 
5.32233 1.84673e-24 1.7837e-24 2.55613e-13 2.55616e-13 3.86941e-12 3.86946e-12 1.83508e-11 1.83403e-11 4.46195e-11 2.68882e-22 9.39359e-19 2.70238e-18 6.16062e-15 1.21979e-18 7.32175e-19 3.23903e-15 -0.0965867 -0.0965867 -0.107639 -0.107639 -0.167917 -0.167917 -0.181141 -0.181141 -0.202121 -0.203041 -0.20436 -0.206481 -0.20946 -0.20946 -0.21331 -0.21331 
5.43984 1.88559e-24 3.8474e-25 1.22917e-13 1.22917e-13 1.87928e-12 1.87927e-12 8.93195e-12 8.92594e-12 2.17939e-11 3.97245e-22 1.36028e-18 3.91886e-18 8.9327e-15 2.56691e-18 4.27811e-19 3.8892e-15 -0.0965867 -0.0965867 -0.107639 -0.107639 -0.167917 -0.167917 -0.181141 -0.181141 -0.202121 -0.203041 -0.20436 -0.206481 -0.20946 -0.20946 -0.21331 -0.21331 
5.56279 2.68057e-24 9.02074e-25 5.71192e-14 5.71184e-14 8.82447e-13 8.82427e-13 4.20371e-12 4.20115e-12 1.02947e-11 6.75331e-22 2.36754e-18 6.81583e-18 1.55362e-14 1.90296e-18 5.63252e-19 2.14083e-15 -0.0965867 -0.0965867 -0.107639 -0.107639 -0.167917 -0.167917 -0.181141 -0.181141 -0.202121 -0.203041 -0.20436 -0.206481 -0.20946 -0.20946 -0.21331 -0.21331 
5.69141 4.87865e-24 8.62046e-25 2.56089e-14 2.56092e-14 3.99938e-13 3.9996e-13 1.90994e-12 1.90989e-12 4.6953e-12 5.84126e-22 1.99587e-18 5.74986e-18 1.31108e-14 3.99066e-18 1.30564e-18 6.35766e-16 -0.0965867 -0.0965867 -0.107639 -0.107639 -0.167917 -0.167917 -0.181141 -0.181141 -0.202121 -0.203041 -0.20436 -0.206481 -0.20946 -0.20946 -0.21331 -0.21331 
5.82597 2.02505e-24 6.75122e-25 1.1058e-14 1.1058e-14 1.7469e-13 1.74689e-13 8.36312e-13 8.39185e-13 2.06422e-12 4.30808e-22 1.47411e-18 4.24755e-18 9.68556e-15 5.89139e-19 7.40438e-19 2.57322e-15 -0.0965867 -0.0965867 -0.107639 -0.107639 -0.167917 -0.167917 -0.181141 -0.181141 -0.202121 -0.203041 -0.20436 -0.206481 -0.20946 -0.20946 -0.21331 -0.21331 
5.96675 2.73867e-24 1.63465e-24 4.59045e-15 4.59021e-15 7.34093e-14 7.33925e-14 3.52295e-13 3.54458e-13 8.73224e-13 3.75121e-22 1.29394e-18 3.72606e-18 8.49653e-15 3.88683e-19 4.77558e-19 2.80489e-15 -0.0965867 -0.0965867 -0.107639 -0.107639 -0.167917 -0.167917 -0.181141 -0.181141 -0.202121 -0.203041 -0.20436 -0.206481 -0.20946 -0.20946 -0.21331 -0.21331 
6.11402 1.62176e-24 1.67877e-24 1.82858e-15 1.82861e-15 2.96067e-14 2.96042e-14 1.42503e-13 1.42615e-13 3.5478e-13 4.52525e-22 1.54876e-18 4.46269e-18 1.01789e-14 9.24432e-19 6.09141e-19 1.28374e-15 -0.0965867 -0.0965867 -0.107639 -0.107639 -0.167917 -0.167917 -0.181141 -0.181141 -0.202121 -0.203041 -0.20436 -0.206481 -0.20946 -0.20946 -0.21331 -0.21331 
6.2681 1.90854e-24 6.28594e-25 6.97484e-16 6.97377e-16 1.1447e-14 1.14423e-14 5.52418e-14 5.57129e-14 1.38167e-13 2.40476e-22 8.38764e-19 2.41452e-18 5.50541e-15 2.89692e-18 8.12523e-19 1.51418e-15 -0.0965867 -0.0965867 -0.107639 -0.107639 -0.167917 -0.167917 -0.181141 -0.181141 -0.202121 -0.203041 -0.20436 -0.206481 -0.20946 -0.20946 -0.21331 -0.21331 
6.4293 2.7998e-24 1.87326e-24 2.54248e-16 2.54192e-16 4.23211e-15 4.22893e-15 2.04793e-14 2.09742e-14 5.14716e-14 3.31912e-22 1.1526e-18 3.31864e-18 7.56748e-15 3.52563e-18 1.0567e-18 7.40127e-16 -0.0965867 -0.0965867 -0.107639 -0.107639 -0.167917 -0.167917 -0.181141 -0.181141 -0.202121 -0.203041 -0.20436 -0.206481 -0.20946 -0.20946 -0.21331 -0.21331 
6.59794 3.15924e-24 1.44224e-24 8.83664e-17 8.83902e-17 1.48887e-15 1.49124e-15 7.24378e-15 7.12666e-15 1.83013e-14 1.1718e-22 4.32944e-19 1.24559e-18 2.84007e-15 4.30877e-18 5.04612e-19 1.96458e-15 -0.0965867 -0.0965867 -0.107639 -0.107639 -0.167917 -0.167917 -0.181141 -0.181141 -0.202121 -0.203041 -0.20436 -0.206481 -0.20946 -0.20946 -0.21331 -0.21331 
6.77437 1.7668e-24 6.32418e-25 2.92133e-17 2.92158e-17 5.00009e-16 5.00546e-16 2.43959e-15 2.50375e-15 6.19685e-15 3.27515e-22 1.13319e-18 3.26343e-18 7.44223e-15 1.055e-18 5.83543e-19 2.47197e-15 -0.0965867 -0.0965867 -0.107639 -0.107639 -0.167917 -0.167917 -0.181141 -0.181141 -0.202121 -0.203041 -0.20436 -0.206481 -0.20946 -0.20946 -0.21331 -0.21331 
6.95894 3.97852e-24 1.37923e-24 9.16191e-18 9.16728e-18 1.59144e-16 1.59532e-16 7.80289e-16 7.48455e-16 1.99339e-15 3.12287e-22 1.0925e-18 3.14692e-18 7.17946e-15 9.78119e-19 3.94914e-19 6.63622e-16 -0.0965867 -0.0965867 -0.107639 -0.107639 -0.167917 -0.167917 -0.181141 -0.181141 -0.202121 -0.203041 -0.20436 -0.206481 -0.20946 -0.20946 -0.21331 -0.21331 
7.15204 1.64703e-24 1.20386e-24 2.72148e-18 2.7317e-18 4.77597e-17 4.81535e-17 2.36507e-16 1.93586e-16 6.07647e-16 3.31515e-22 1.14589e-18 3.29902e-18 7.51987e-15 9.6714e-19 4.56961e-19 1.16005e-15 -0.0965867 -0.0965867 -0.107639 -0.107639 -0.167917 -0.167917 -0.181141 -0.181141 -0.202121 -0.203041 -0.20436 -0.206481 -0.20946 -0.20946 -0.21331 -0.21331 
7.35406 2.14579e-24 1.89445e-24 7.61613e-19 7.6423e-19 1.38368e-17 1.37295e-17 6.76972e-17 1.13062e-16 1.75088e-16 6.96918e-22 2.43912e-18 7.02252e-18 1.60113e-14 1.26598e-18 5.95364e-19 3.21134e-15 -0.0965867 -0.0965867 -0.107639 -0.107639 -0.167917 -0.167917 -0.181141 -0.181141 -0.202121 -0.203041 -0.20436 -0.206481 -0.20946 -0.20946 -0.21331 -0.21331 
7.56541 4.53013e-25 6.2387e-25 2.00939e-19 2.02548e-19 3.61787e-18 3.68661e-18 1.82942e-17 7.99847e-17 4.74208e-17 8.63772e-22 3.00562e-18 8.65219e-18 1.97232e-14 3.04522e-18 1.15167e-18 1.99638e-15 -0.0965867 -0.0965867 -0.107639 -0.107639 -0.167917 -0.167917 -0.181141 -0.181141 -0.202121 -0.203041 -0.20436 -0.206481 -0.20946 -0.20946 -0.21331 -0.21331 
7.78652 3.15106e-24 1.82097e-24 4.91205e-20 4.76919e-20 1.00472e-18 9.30009e-19 4.61138e-18 3.72015e-17 1.21094e-17 5.57406e-22 1.95653e-18 5.62905e-18 1.28319e-14 4.04079e-18 7.9835e-19 2.87083e-15 -0.0965867 -0.0965867 -0.107639 -0.107639 -0.167917 -0.167917 -0.181141 -0.181141 -0.202121 -0.203041 -0.20436 -0.206481 -0.20946 -0.20946 -0.21331 -0.21331 
8.01784 2.26048e-24 3.42823e-25 1.15715e-20 1.14846e-20 2.41464e-19 2.19425e-19 1.11084e-18 3.08291e-17 2.88065e-18 5.52439e-22 1.93309e-18 5.5649e-18 1.26874e-14 8.23264e-19 1.24685e-18 2.71292e-15 -0.0965867 -0.0965867 -0.107639 -0.107639 -0.167917 -0.167917 -0.181141 -0.181141 -0.202121 -0.203041 -0.20436 -0.206481 -0.20946 -0.20946 -0.21331 -0.21331 
8.25984 1.02718e-24 7.4245e-25 2.42835e-21 2.35203e-21 5.65054e-20 4.81804e-20 2.38722e-19 2.33574e-17 6.49621e-19 4.82406e-22 1.69661e-18 4.88264e-18 1.11305e-14 2.39709e-18 6.12809e-19 1.93655e-15 -0.0965867 -0.0965867 -0.107639 -0.107639 -0.167917 -0.167917 -0.181141 -0.181141 -0.202121 -0.203041 -0.20436 -0.206481 -0.20946 -0.20946 -0.21331 -0.21331 
8.51303 1.09479e-24 3.87655e-25 5.18081e-22 6.65484e-22 6.48456e-21 9.89753e-21 4.90418e-20 7.1645e-18 1.3089e-19 1.40137e-22 4.79004e-19 1.37941e-18 3.14475e-15 3.98175e-18 6.38034e-19 3.10808e-15 -0.0965867 -0.0965867 -0.107639 -0.107639 -0.167917 -0.167917 -0.181141 -0.181141 -0.202121 -0.203041 -0.20436 -0.206481 -0.20946 -0.20946 -0.21331 -0.21331 
8.7779 9.97781e-25 3.76247e-25 1.08e-22 2.1405e-22 1.6654e-21 1.88272e-21 9.06724e-21 5.57109e-18 2.53279e-20 1.14013e-22 3.89073e-19 1.12098e-18 2.55697e-15 2.17283e-18 6.2364e-19 1.61845e-15 -0.0965867 -0.0965867 -0.107639 -0.107639 -0.167917 -0.167917 -0.181141 -0.181141 -0.202121 -0.203041 -0.20436 -0.206481 -0.20946 -0.20946 -0.21331 -0.21331 
9.05501 2.65344e-24 2.54734e-25 2.38508e-23 7.46002e-23 2.91596e-21 3.03966e-22 2.82811e-21 2.32115e-18 4.94828e-21 4.91265e-23 1.56997e-19 4.52852e-19 1.03217e-15 7.86039e-19 8.37586e-19 3.5808e-15 -0.0965867 -0.0965867 -0.107639 -0.107639 -0.167917 -0.167917 -0.181141 -0.181141 -0.202121 -0.203041 -0.20436 -0.206481 -0.20946 -0.20946 -0.21331 -0.21331 
9.34491 2.83413e-24 1.18222e-24 9.68297e-24 1.1001e-22 1.50792e-21 4.8439e-23 8.26357e-22 1.24731e-17 1.10889e-21 2.41465e-22 8.3823e-19 2.41553e-18 5.50977e-15 2.78278e-18 5.85449e-19 1.69284e-15 -0.0965867 -0.0965867 -0.107639 -0.107639 -0.167917 -0.167917 -0.181141 -0.181141 -0.202121 -0.203041 -0.20436 -0.206481 -0.20946 -0.20946 -0.21331 -0.21331 
9.6482 1.35578e-24 4.63539e-25 2.65615e-24 4.39197e-23 2.3403e-22 1.00732e-23 1.06147e-22 1.24889e-17 2.01567e-22 2.44872e-22 8.39448e-19 2.4187e-18 5.51513e-15 9.05189e-19 6.13634e-19 3.49265e-15 -0.0965867 -0.0965867 -0.107639 -0.107639 -0.167917 -0.167917 -0.181141 -0.181141 -0.202121 -0.203041 -0.20436 -0.206481 -0.20946 -0.20946 -0.21331 -0.21331 
9.9655 3.43318e-24 9.44944e-25 3.71782e-24 6.50893e-23 5.7574e-22 1.60682e-24 1.54568e-22 8.19269e-18 8.36943e-23 1.5549e-22 5.51989e-19 1.58923e-18 3.62422e-15 1.56187e-18 3.20218e-19 1.63178e-15 -0.0965867 -0.0965867 -0.107639 -0.107639 -0.167917 -0.167917 -0.181141 -0.181141 -0.202121 -0.203041 -0.20436 -0.206481 -0.20946 -0.20946 -0.21331 -0.21331 
10.2975 2.62277e-24 4.19452e-25 3.01852e-24 6.60014e-23 1.3218e-21 9.02183e-25 3.55163e-22 7.04239e-18 7.35393e-23 1.32919e-22 4.75618e-19 1.37013e-18 3.12539e-15 7.55995e-19 7.35636e-19 7.39512e-16 -0.0965867 -0.0965867 -0.107639 -0.107639 -0.167917 -0.167917 -0.181141 -0.181141 -0.202121 -0.203041 -0.20436 -0.206481 -0.20946 -0.20946 -0.21331 -0.21331 
10.6447 3.52979e-24 8.51762e-25 2.95852e-24 6.13776e-23 6.32189e-22 5.15192e-25 1.71918e-22 1.02114e-17 6.47914e-23 2.10425e-22 6.86844e-19 1.98024e-18 4.51519e-15 1.86742e-18 1.02001e-18 7.64458e-16 -0.0965867 -0.0965867 -0.107639 -0.107639 -0.167917 -0.167917 -0.181141 -0.181141 -0.202121 -0.203041 -0.20436 -0.206481 -0.20946 -0.20946 -0.21331 -0.21331 
11.0081 3.2235e-24 1.20658e-24 2.0582e-24 4.24248e-23 3.37265e-21 1.32009e-24 9.11235e-22 4.42374e-18 1.3607e-22 9.32858e-23 2.98273e-19 8.6085e-19 1.96317e-15 5.85867e-18 5.69997e-19 3.02971e-15 -0.0965867 -0.0965867 -0.107639 -0.107639 -0.167917 -0.167917 -0.181141 -0.181141 -0.202121 -0.203041 -0.20436 -0.206481 -0.20946 -0.20946 -0.21331 -0.21331 
11.3882 9.28017e-25 1.50252e-24 3.03826e-24 6.64108e-23 1.88039e-21 6.65326e-25 4.95789e-22 7.45394e-18 9.65854e-23 1.39992e-22 5.03744e-19 1.45067e-18 3.31026e-15 2.39999e-18 3.96425e-19 1.55128e-15 -0.0965867 -0.0965867 -0.107639 -0.107639 -0.167917 -0.167917 -0.181141 -0.181141 -0.202121 -0.203041 -0.20436 -0.206481 -0.20946 -0.20946 -0.21331 -0.21331 
11.7858 1.08988e-24 1.81915e-24 5.2595e-24 9.7791e-23 3.05815e-21 1.27581e-24 8.15723e-22 1.41765e-17 1.7855e-22 2.83732e-22 9.60432e-19 2.769e-18 6.31865e-15 1.85845e-18 5.34536e-19 1.48032e-15 -0.0965867 -0.0965867 -0.107639 -0.107639 -0.167917 -0.167917 -0.181141 -0.181141 -0.202121 -0.203041 -0.20436 -0.206481 -0.20946 -0.20946 -0.21331 -0.21331 
12.2018 5.64368e-25 2.45257e-24 1.77315e-24 4.59651e-23 4.24028e-21 2.15166e-24 1.13644e-21 2.4916e-17 3.01213e-22 4.81319e-22 1.67931e-18 4.83881e-18 1.10362e-14 6.67824e-19 6.46794e-19 3.72117e-15 -0.0965867 -0.0965867 -0.107639 -0.107639 -0.167917 -0.167917 -0.181141 -0.181141 -0.202121 -0.203041 -0.20436 -0.206481 -0.20946 -0.20946 -0.21331 -0.21331 
12.6371 4.74021e-24 1.39876e-24 1.19308e-24 2.35672e-23 3.31998e-21 2.83532e-24 8.88259e-22 5.11709e-17 4.00318e-22 1.01736e-21 3.44474e-18 9.9292e-18 2.26416e-14 1.42857e-18 7.11959e-19 3.77411e-15 -0.0965867 -0.0965867 -0.107639 -0.107639 -0.167917 -0.167917 -0.181141 -0.181141 -0.202121 -0.203041 -0.20436 -0.206481 -0.20946 -0.20946 -0.21331 -0.21331 
13.0924 2.43369e-24 1.69499e-24 3.49376e-24 8.49488e-23 1.70051e-21 1.0152e-24 4.65791e-22 1.21424e-17 1.35853e-22 2.33828e-22 8.1942e-19 2.3609e-18 5.38502e-15 6.87351e-19 2.34657e-19 1.06939e-15 -0.0965867 -0.0965867 -0.107639 -0.107639 -0.167917 -0.167917 -0.181141 -0.181141 -0.202121 -0.203041 -0.20436 -0.206481 -0.20946 -0.20946 -0.21331 -0.21331 
13.5688 4.82918e-24 8.51975e-25 2.90748e-24 6.66374e-23 2.4968e-21 1.04511e-24 6.80604e-22 4.24236e-18 1.13039e-22 8.94149e-23 2.86213e-19 8.26332e-19 1.88404e-15 1.64965e-18 5.40201e-19 2.16718e-15 -0.0965867 -0.0965867 -0.107639 -0.107639 -0.167917 -0.167917 -0.181141 -0.181141 -0.202121 -0.203041 -0.20436 -0.206481 -0.20946 -0.20946 -0.21331 -0.21331 
14.0672 1.05998e-24 1.25027e-24 1.91731e-24 5.66932e-23 1.68006e-21 1.1057e-24 4.57871e-22 2.26168e-17 1.64551e-22 4.43859e-22 1.52359e-18 4.39152e-18 1.00146e-14 1.92817e-18 7.34624e-19 2.62817e-15 -0.0965867 -0.0965867 -0.107639 -0.107639 -0.167917 -0.167917 -0.181141 -0.181141 -0.202121 -0.203041 -0.20436 -0.206481 -0.20946 -0.20946 -0.21331 -0.21331 
14.5885 2.83549e-24 7.4989e-25 4.24763e-24 9.01228e-23 1.03027e-21 3.56436e-25 2.72457e-22 2.67482e-18 1.65665e-23 5.28225e-23 1.78969e-19 5.15223e-19 1.17414e-15 1.60731e-18 5.80608e-19 4.84613e-15 -0.0965867 -0.0965867 -0.107639 -0.107639 -0.167917 -0.167917 -0.181141 -0.181141 -0.202121 -0.203041 -0.20436 -0.206481 -0.20946 -0.20946 -0.21331 -0.21331 
15.134 1.34018e-24 2.33421e-25 2.41968e-24 4.8274e-23 8.23798e-23 6.25685e-26 2.31522e-23 6.85089e-18 2.57352e-23 1.2647e-22 4.62278e-19 1.33e-18 3.03404e-15 5.3325e-19 2.82918e-19 5.82174e-15 -0.0965867 -0.0965867 -0.107639 -0.107639 -0.167917 -0.167917 -0.181141 -0.181141 -0.202121 -0.203041 -0.20436 -0.206481 -0.20946 -0.20946 -0.21331 -0.21331 
15.7046 2.39048e-24 3.90648e-25 4.01697e-24 7.6926e-23 2.7344e-21 9.96335e-25 7.33137e-22 9.01001e-19 6.71232e-23 1.91894e-23 6.0556e-20 1.74873e-19 3.98738e-16 8.2635e-19 1.07413e-19 2.82261e-15 -0.0965867 -0.0965867 -0.107639 -0.107639 -0.167917 -0.167917 -0.181141 -0.181141 -0.202121 -0.203041 -0.20436 -0.206481 -0.20946 -0.20946 -0.21331 -0.21331 
16.3017 1.28379e-24 1.6599e-24 3.01012e-24 6.80246e-23 1.62565e-22 2.07333e-25 4.41316e-23 7.88044e-18 2.60485e-23 1.5502e-22 5.32187e-19 1.5335e-18 3.49804e-15 3.44299e-18 5.38825e-19 1.04981e-15 -0.0965867 -0.0965867 -0.107639 -0.107639 -0.167917 -0.167917 -0.181141 -0.181141 -0.202121 -0.203041 -0.20436 -0.206481 -0.20946 -0.20946 -0.21331 -0.21331 
16.9262 2.31584e-24 7.16997e-25 2.90379e-24 6.48708e-23 5.74192e-22 7.81657e-26 1.51805e-22 2.78298e-18 8.71459e-24 5.06825e-23 1.87724e-19 5.39603e-19 1.23102e-15 8.72935e-19 2.41236e-19 2.32878e-15 -0.0965867 -0.0965867 -0.107639 -0.107639 -0.167917 -0.167917 -0.181141 -0.181141 -0.202121 -0.203041 -0.20436 -0.206481 -0.20946 -0.20946 -0.21331 -0.21331 
17.5797 3.30987e-24 1.57374e-24 5.15244e-24 1.01617e-22 9.68709e-22 8.36838e-25 2.58186e-22 1.91365e-17 8.68414e-23 3.78075e-22 1.29175e-18 3.72266e-18 8.49153e-15 1.37825e-18 9.48154e-19 2.06485e-15 -0.0965867 -0.0965867 -0.107639 -0.107639 -0.167917 -0.167917 -0.181141 -0.181141 -0.202121 -0.203041 -0.20436 -0.206481 -0.20946 -0.20946 -0.21331 -0.21331 
18.2633 1.55755e-24 4.50795e-25 2.01522e-24 4.77081e-23 6.63268e-22 3.00006e-25 1.76473e-22 2.47036e-18 1.33515e-23 4.65259e-23 1.66546e-19 4.79035e-19 1.0928e-15 5.15975e-19 1.47676e-19 1.95329e-15 -0.0965867 -0.0965867 -0.107639 -0.107639 -0.167917 -0.167917 -0.181141 -0.181141 -0.202121 -0.203041 -0.20436 -0.206481 -0.20946 -0.20946 -0.21331 -0.21331 
18.9784 3.21114e-24 4.63013e-25 5.2785e-25 1.17485e-23 1.19958e-21 6.39325e-25 3.16243e-22 6.50795e-18 7.04261e-23 1.27341e-22 4.40402e-19 1.26886e-18 2.89546e-15 9.44611e-19 1.3759e-19 6.6901e-16 -0.0965867 -0.0965867 -0.107639 -0.107639 -0.167917 -0.167917 -0.181141 -0.181141 -0.202121 -0.203041 -0.20436 -0.206481 -0.20946 -0.20946 -0.21331 -0.21331 
19.7266 1.378e-24 7.84021e-25 2.41597e-24 5.11617e-23 1.04684e-21 5.12478e-25 2.84497e-22 7.71559e-18 1.97257e-23 1.5264e-22 5.1931e-19 1.49607e-18 3.41177e-15 6.03206e-19 5.19279e-19 1.58721e-15 -0.0965867 -0.0965867 -0.107639 -0.107639 -0.167917 -0.167917 -0.181141 -0.181141 -0.202121 -0.203041 -0.20436 -0.206481 -0.20946 -0.20946 -0.21331 -0.21331 
20.5094 1.40232e-24 3.67298e-25 2.2673e-24 5.0201e-23 1.95343e-21 4.18511e-25 5.22191e-22 7.01121e-18 5.28302e-23 1.31345e-22 4.73127e-19 1.36119e-18 3.10491e-15 7.70469e-19 1.03656e-19 2.06006e-15 -0.0965867 -0.0965867 -0.107639 -0.107639 -0.167917 -0.167917 -0.181141 -0.181141 -0.202121 -0.203041 -0.20436 -0.206481 -0.20946 -0.20946 -0.21331 -0.21331 
21.3283 1.14782e-24 3.16798e-25 1.83077e-24 4.82739e-23 1.26348e-21 5.05194e-25 3.40174e-22 1.25886e-17 4.32253e-23 2.46845e-22 8.49062e-19 2.44599e-18 5.57858e-15 2.41217e-18 2.081e-19 5.17134e-16 -0.0965867 -0.0965867 -0.107639 -0.107639 -0.167917 -0.167917 -0.181141 -0.181141 -0.202121 -0.203041 -0.20436 -0.206481 -0.20946 -0.20946 -0.21331 -0.21331 
22.185 1.13398e-24 1.02464e-24 1.28719e-24 3.27846e-23 4.29494e-22 3.66997e-25 1.12684e-22 1.53058e-17 7.05496e-23 2.94231e-22 1.0345e-18 2.98044e-18 6.80019e-15 1.69937e-18 2.70663e-19 3.27898e-16 -0.0965867 -0.0965867 -0.107639 -0.107639 -0.167917 -0.167917 -0.181141 -0.181141 -0.202121 -0.203041 -0.20436 -0.206481 -0.20946 -0.20946 -0.21331 -0.21331 
23.0813 1.18666e-24 2.79057e-25 2.30785e-24 5.84753e-23 7.43657e-22 3.1347e-25 2.02105e-22 1.12189e-18 2.60643e-23 2.1861e-23 7.52354e-20 2.16605e-19 4.93955e-16 9.74179e-19 3.78812e-19 1.11546e-15 -0.0965867 -0.0965867 -0.107639 -0.107639 -0.167917 -0.167917 -0.181141 -0.181141 -0.202121 -0.203041 -0.20436 -0.206481 -0.20946 -0.20946 -0.21331 -0.21331 
24.019 1.33283e-24 7.42299e-25 3.80485e-24 1.00795e-22 3.1312e-21 1.09391e-24 8.52979e-22 2.26819e-17 2.77213e-22 4.59899e-22 1.52017e-18 4.38317e-18 9.98835e-15 1.16949e-18 4.06183e-19 2.25806e-15 -0.0965867 -0.0965867 -0.107639 -0.107639 -0.167917 -0.167917 -0.181141 -0.181141 -0.202121 -0.203041 -0.20436 -0.206481 -0.20946 -0.20946 -0.21331 -0.21331 
25 3.80188e-24 8.80353e-26 9.05156e-24 2.16608e-22 1.68693e-20 4.14332e-24 4.74282e-21 2.01297e-16 2.06737e-21 4.07613e-21 1.34269e-17 3.87031e-17 8.8146e-14 1.19565e-17 4.06452e-18 3.55806e-14 -0.0965867 -0.0965867 -0.107639 -0.107639 -0.167917 -0.167917 -0.181141 -0.181141 -0.202121 -0.203041 -0.20436 -0.206481 -0.20946 -0.20946 -0.21331 -0.21331 