# ASCII 1D datafile generated by TiberCAD
# x Ec Ev eQFermi hQFermi eDensity hDensity eMobility hMobility ElField_x ElField_y ElField_z Polarization_x Polarization_y Polarization_z CurrentDensity_x CurrentDensity_y CurrentDensity_z 
0 0.664429 -0.758053 0 0 2.99765e+06 2.99765e+06 8500 400 -3.21442e-06 0 0 0 0 0 0 0 0 
1.5015 0.664429 -0.758053 0 0 2.99765e+06 2.99765e+06 8500 400 -3.21442e-06 0 0 0 0 0 0 0 0 
3.003 0.664429 -0.758053 0 0 2.99765e+06 2.99765e+06 8500 400 -3.21442e-06 0 0 0 0 0 0 0 0 
4.5045 0.664429 -0.758053 0 0 2.99765e+06 2.99765e+06 8500 400 -3.21442e-06 0 0 0 0 0 0 0 0 
6.00601 0.664429 -0.758053 0 0 2.99765e+06 2.99765e+06 8500 400 -3.21442e-06 0 0 0 0 0 0 0 0 
7.50751 0.664429 -0.758053 0 0 2.99765e+06 2.99765e+06 8500 400 -3.21442e-06 0 0 0 0 0 0 0 0 
9.00901 0.664429 -0.758053 0 0 2.99765e+06 2.99765e+06 8500 400 -3.21442e-06 0 0 0 0 0 0 0 0 
10.5105 0.664429 -0.758053 0 0 2.99765e+06 2.99765e+06 8500 400 -3.21442e-06 0 0 0 0 0 0 0 0 
12.012 0.664429 -0.758053 0 0 2.99765e+06 2.99765e+06 8500 400 -3.21442e-06 0 0 0 0 0 0 0 0 
13.5135 0.664429 -0.758053 0 0 2.99765e+06 2.99765e+06 8500 400 -3.21442e-06 0 0 0 0 0 0 0 0 
15.015 0.664429 -0.758053 0 0 2.99765e+06 2.99765e+06 8500 400 -3.21442e-06 0 0 0 0 0 0 0 0 
16.5165 0.664429 -0.758053 0 0 2.99765e+06 2.99765e+06 8500 400 -3.21442e-06 0 0 0 0 0 0 0 0 
18.018 0.664429 -0.758053 0 0 2.99765e+06 2.99765e+06 8500 400 -3.21442e-06 0 0 0 0 0 0 0 0 
19.5195 0.664429 -0.758053 0 0 2.99765e+06 2.99765e+06 8500 400 -3.21442e-06 0 0 0 0 0 0 0 0 
21.021 0.664429 -0.758053 0 0 2.99765e+06 2.99765e+06 8500 400 -3.21442e-06 0 0 0 0 0 0 0 0 
22.5225 0.664429 -0.758053 0 0 2.99765e+06 2.99765e+06 8500 400 -3.21442e-06 0 0 0 0 0 0 0 0 
24.024 0.664429 -0.758053 0 0 2.99765e+06 2.99765e+06 8500 400 -3.21442e-06 0 0 0 0 0 0 0 0 
25.5255 0.664429 -0.758053 0 0 2.99765e+06 2.99765e+06 8500 400 -3.21442e-06 0 0 0 0 0 0 0 0 
27.027 0.664429 -0.758053 0 0 2.99765e+06 2.99765e+06 8500 400 -3.21442e-06 0 0 0 0 0 0 0 0 
28.5285 0.664429 -0.758053 0 0 2.99765e+06 2.99765e+06 8500 400 -3.21442e-06 0 0 0 0 0 0 0 0 
30.03 0.664429 -0.758053 0 0 2.99765e+06 2.99765e+06 8500 400 -3.21442e-06 0 0 0 0 0 0 0 0 
31.5315 0.664429 -0.758053 0 0 2.99765e+06 2.99765e+06 8500 400 -3.21442e-06 0 0 0 0 0 0 0 0 
33.033 0.664429 -0.758053 0 0 2.99765e+06 2.99765e+06 8500 400 -3.21442e-06 0 0 0 0 0 0 0 0 
34.5345 0.664429 -0.758053 0 0 2.99765e+06 2.99765e+06 8500 400 -3.21442e-06 0 0 0 0 0 0 0 0 
36.036 0.664429 -0.758053 0 0 2.99765e+06 2.99765e+06 8500 400 -3.21442e-06 0 0 0 0 0 0 0 0 
37.5375 0.664429 -0.758053 0 0 2.99765e+06 2.99765e+06 8500 400 -3.21442e-06 0 0 0 0 0 0 0 0 
39.039 0.664429 -0.758053 0 0 2.99765e+06 2.99765e+06 8500 400 -3.21444e-06 0 0 0 0 0 0 0 0 
40.5405 0.664429 -0.758053 0 0 2.99765e+06 2.99765e+06 8500 400 -3.21442e-06 0 0 0 0 0 0 0 0 
42.042 0.664429 -0.758053 0 0 2.99765e+06 2.99765e+06 8500 400 -3.21439e-06 0 0 0 0 0 0 0 0 
43.5435 0.664429 -0.758053 0 0 2.99765e+06 2.99765e+06 8500 400 -3.21442e-06 0 0 0 0 0 0 0 0 
45.045 0.664429 -0.758053 0 0 2.99765e+06 2.99765e+06 8500 400 -3.21442e-06 0 0 0 0 0 0 0 0 
46.5465 0.664429 -0.758053 0 0 2.99765e+06 2.99765e+06 8500 400 -3.21442e-06 0 0 0 0 0 0 0 0 
48.048 0.664429 -0.758053 0 0 2.99765e+06 2.99765e+06 8500 400 -3.21442e-06 0 0 0 0 0 0 0 0 
49.5495 0.664429 -0.758053 0 0 2.99765e+06 2.99765e+06 8500 400 -3.21442e-06 0 0 0 0 0 0 0 0 
51.0511 0.664429 -0.758053 0 0 2.99765e+06 2.99765e+06 8500 400 -3.21442e-06 0 0 0 0 0 0 0 0 
52.5526 0.664429 -0.758053 0 0 2.99765e+06 2.99765e+06 8500 400 -3.21442e-06 0 0 0 0 0 0 0 0 
54.0541 0.664429 -0.758053 0 0 2.99765e+06 2.99765e+06 8500 400 -3.21442e-06 0 0 0 0 0 0 0 0 
55.5556 0.664429 -0.758053 0 0 2.99765e+06 2.99765e+06 8500 400 -3.21442e-06 0 0 0 0 0 0 0 0 
57.0571 0.664429 -0.758053 0 0 2.99765e+06 2.99765e+06 8500 400 -3.21442e-06 0 0 0 0 0 0 0 0 
58.5586 0.664429 -0.758053 0 0 2.99765e+06 2.99765e+06 8500 400 -3.21442e-06 0 0 0 0 0 0 0 0 
60.0601 0.664429 -0.758053 0 0 2.99765e+06 2.99765e+06 8500 400 -3.21442e-06 0 0 0 0 0 0 0 0 
61.5616 0.664429 -0.758053 0 0 2.99765e+06 2.99765e+06 8500 400 -3.21442e-06 0 0 0 0 0 0 0 0 
63.0631 0.664429 -0.758053 0 0 2.99765e+06 2.99765e+06 8500 400 -3.21442e-06 0 0 0 0 0 0 0 0 
64.5646 0.664429 -0.758053 0 0 2.99765e+06 2.99765e+06 8500 400 -3.21442e-06 0 0 0 0 0 0 0 0 
66.0661 0.664429 -0.758053 0 0 2.99765e+06 2.99765e+06 8500 400 -3.21444e-06 0 0 0 0 0 0 0 0 
67.5676 0.664429 -0.758053 0 0 2.99765e+06 2.99765e+06 8500 400 -3.21444e-06 0 0 0 0 0 0 0 0 
69.0691 0.664429 -0.758053 0 0 2.99765e+06 2.99765e+06 8500 400 -3.21439e-06 0 0 0 0 0 0 0 0 
70.5706 0.664429 -0.758053 0 0 2.99765e+06 2.99765e+06 8500 400 -3.21439e-06 0 0 0 0 0 0 0 0 
72.0721 0.664429 -0.758053 0 0 2.99765e+06 2.99765e+06 8500 400 -3.21442e-06 0 0 0 0 0 0 0 0 
73.5736 0.664429 -0.758053 0 0 2.99765e+06 2.99765e+06 8500 400 -3.21442e-06 0 0 0 0 0 0 0 0 
75.0751 0.664429 -0.758053 0 0 2.99765e+06 2.99765e+06 8500 400 -3.21442e-06 0 0 0 0 0 0 0 0 
76.5766 0.664429 -0.758053 0 0 2.99765e+06 2.99765e+06 8500 400 -3.21442e-06 0 0 0 0 0 0 0 0 
78.0781 0.664429 -0.758053 0 0 2.99765e+06 2.99765e+06 8500 400 -3.21442e-06 0 0 0 0 0 0 0 0 
79.5796 0.664429 -0.758053 0 0 2.99765e+06 2.99765e+06 8500 400 -3.21442e-06 0 0 0 0 0 0 0 0 
81.0811 0.664429 -0.758053 0 0 2.99765e+06 2.99765e+06 8500 400 -3.21442e-06 0 0 0 0 0 0 0 0 
82.5826 0.664429 -0.758053 0 0 2.99765e+06 2.99765e+06 8500 400 -3.21442e-06 0 0 0 0 0 0 0 0 
84.0841 0.664429 -0.758053 0 0 2.99765e+06 2.99765e+06 8500 400 -3.21442e-06 0 0 0 0 0 0 0 0 
85.5856 0.664429 -0.758053 0 0 2.99765e+06 2.99765e+06 8500 400 -3.21442e-06 0 0 0 0 0 0 0 0 
87.0871 0.664429 -0.758053 0 0 2.99765e+06 2.99765e+06 8500 400 -3.21442e-06 0 0 0 0 0 0 0 0 
88.5886 0.664429 -0.758053 0 0 2.99765e+06 2.99765e+06 8500 400 -3.21442e-06 0 0 0 0 0 0 0 0 
90.0901 0.664429 -0.758053 0 0 2.99765e+06 2.99765e+06 8500 400 -3.21442e-06 0 0 0 0 0 0 0 0 
91.5916 0.664429 -0.758053 0 0 2.99765e+06 2.99765e+06 8500 400 -3.21442e-06 0 0 0 0 0 0 0 0 
93.0931 0.664429 -0.758053 0 0 2.99765e+06 2.99765e+06 8500 400 -3.21444e-06 0 0 0 0 0 0 0 0 
94.5946 0.664429 -0.758053 0 0 2.99765e+06 2.99765e+06 8500 400 -3.21444e-06 0 0 0 0 0 0 0 0 
96.0961 0.664429 -0.758053 0 0 2.99765e+06 2.99765e+06 8500 400 -3.21442e-06 0 0 0 0 0 0 0 0 
97.5976 0.664429 -0.758053 0 0 2.99765e+06 2.99765e+06 8500 400 -3.21442e-06 0 0 0 0 0 0 0 0 
99.0991 0.664429 -0.758053 0 0 2.99765e+06 2.99765e+06 8500 400 -3.21439e-06 0 0 0 0 0 0 0 0 
100.601 0.664429 -0.758053 0 0 2.99765e+06 2.99765e+06 8500 400 -3.21439e-06 0 0 0 0 0 0 0 0 
102.102 0.664429 -0.758053 0 0 2.99765e+06 2.99765e+06 8500 400 -3.21442e-06 0 0 0 0 0 0 0 0 
103.604 0.664429 -0.758053 0 0 2.99765e+06 2.99765e+06 8500 400 -3.21442e-06 0 0 0 0 0 0 0 0 
105.105 0.664429 -0.758053 0 0 2.99765e+06 2.99765e+06 8500 400 -3.21439e-06 0 0 0 0 0 0 0 0 
106.607 0.664429 -0.758053 0 0 2.99765e+06 2.99765e+06 8500 400 -3.21439e-06 0 0 0 0 0 0 0 0 
108.108 0.664429 -0.758053 0 0 2.99765e+06 2.99765e+06 8500 400 -3.21442e-06 0 0 0 0 0 0 0 0 
109.61 0.664429 -0.758053 0 0 2.99765e+06 2.99765e+06 8500 400 -3.21442e-06 0 0 0 0 0 0 0 0 
111.111 0.664429 -0.758053 0 0 2.99765e+06 2.99765e+06 8500 400 -3.21442e-06 0 0 0 0 0 0 0 0 
112.613 0.664429 -0.758053 0 0 2.99765e+06 2.99765e+06 8500 400 -3.21442e-06 0 0 0 0 0 0 0 0 
114.114 0.664429 -0.758053 0 0 2.99765e+06 2.99765e+06 8500 400 -3.21442e-06 0 0 0 0 0 0 0 0 
115.616 0.664429 -0.758053 0 0 2.99765e+06 2.99765e+06 8500 400 -3.21442e-06 0 0 0 0 0 0 0 0 
117.117 0.664429 -0.758053 0 0 2.99765e+06 2.99765e+06 8500 400 -3.21442e-06 0 0 0 0 0 0 0 0 
118.619 0.664429 -0.758053 0 0 2.99765e+06 2.99765e+06 8500 400 -3.21444e-06 0 0 0 0 0 0 0 0 
120.12 0.664429 -0.758053 0 0 2.99765e+06 2.99765e+06 8500 400 -3.21444e-06 0 0 0 0 0 0 0 0 
121.622 0.664429 -0.758053 0 0 2.99765e+06 2.99765e+06 8500 400 -3.21442e-06 0 0 0 0 0 0 0 0 
123.123 0.664429 -0.758053 0 0 2.99765e+06 2.99765e+06 8500 400 -3.21442e-06 0 0 0 0 0 0 0 0 
124.625 0.664429 -0.758053 0 0 2.99765e+06 2.99765e+06 8500 400 -3.21442e-06 0 0 0 0 0 0 0 0 
126.126 0.664429 -0.758053 0 0 2.99765e+06 2.99765e+06 8500 400 -3.21442e-06 0 0 0 0 0 0 0 0 
127.628 0.664429 -0.758053 0 0 2.99765e+06 2.99765e+06 8500 400 -3.21442e-06 0 0 0 0 0 0 0 0 
129.129 0.664429 -0.758053 0 0 2.99765e+06 2.99765e+06 8500 400 -3.21439e-06 0 0 0 0 0 0 0 0 
130.631 0.664429 -0.758053 0 0 2.99765e+06 2.99765e+06 8500 400 -3.21439e-06 0 0 0 0 0 0 0 0 
132.132 0.664429 -0.758053 0 0 2.99765e+06 2.99765e+06 8500 400 -3.21442e-06 0 0 0 0 0 0 0 0 
133.634 0.664429 -0.758053 0 0 2.99765e+06 2.99765e+06 8500 400 -3.21442e-06 0 0 0 0 0 0 0 0 
135.135 0.664429 -0.758053 0 0 2.99765e+06 2.99765e+06 8500 400 -3.21442e-06 0 0 0 0 0 0 0 0 
136.637 0.664429 -0.758053 0 0 2.99765e+06 2.99765e+06 8500 400 -3.21442e-06 0 0 0 0 0 0 0 0 
138.138 0.664429 -0.758053 0 0 2.99765e+06 2.99765e+06 8500 400 -3.21442e-06 0 0 0 0 0 0 0 0 
139.64 0.664429 -0.758053 0 0 2.99765e+06 2.99765e+06 8500 400 -3.21442e-06 0 0 0 0 0 0 0 0 
141.141 0.664429 -0.758053 0 0 2.99765e+06 2.99765e+06 8500 400 -3.21442e-06 0 0 0 0 0 0 0 0 
142.643 0.664429 -0.758053 0 0 2.99765e+06 2.99765e+06 8500 400 -3.21442e-06 0 0 0 0 0 0 0 0 
144.144 0.664429 -0.758053 0 0 2.99765e+06 2.99765e+06 8500 400 -3.21442e-06 0 0 0 0 0 0 0 0 
145.646 0.664429 -0.758053 0 0 2.99765e+06 2.99765e+06 8500 400 -3.21444e-06 0 0 0 0 0 0 0 0 
147.147 0.664429 -0.758053 0 0 2.99765e+06 2.99765e+06 8500 400 -3.21444e-06 0 0 0 0 0 0 0 0 
148.649 0.664429 -0.758053 0 0 2.99765e+06 2.99765e+06 8500 400 -3.21442e-06 0 0 0 0 0 0 0 0 
150.15 0.664429 -0.758053 0 0 2.99765e+06 2.99765e+06 8500 400 -3.21439e-06 0 0 0 0 0 0 0 0 
151.652 0.664429 -0.758053 0 0 2.99765e+06 2.99765e+06 8500 400 -3.21439e-06 0 0 0 0 0 0 0 0 
153.153 0.664429 -0.758053 0 0 2.99765e+06 2.99765e+06 8500 400 -3.21442e-06 0 0 0 0 0 0 0 0 
154.655 0.664429 -0.758053 0 0 2.99765e+06 2.99765e+06 8500 400 -3.21442e-06 0 0 0 0 0 0 0 0 
156.156 0.664429 -0.758053 0 0 2.99765e+06 2.99765e+06 8500 400 -3.21442e-06 0 0 0 0 0 0 0 0 
157.658 0.664429 -0.758053 0 0 2.99765e+06 2.99765e+06 8500 400 -3.21442e-06 0 0 0 0 0 0 0 0 
159.159 0.664429 -0.758053 0 0 2.99765e+06 2.99765e+06 8500 400 -3.21442e-06 0 0 0 0 0 0 0 0 
160.661 0.664429 -0.758053 0 0 2.99765e+06 2.99765e+06 8500 400 -3.21442e-06 0 0 0 0 0 0 0 0 
162.162 0.664429 -0.758053 0 0 2.99765e+06 2.99765e+06 8500 400 -3.21442e-06 0 0 0 0 0 0 0 0 
163.664 0.664429 -0.758053 0 0 2.99765e+06 2.99765e+06 8500 400 -3.21442e-06 0 0 0 0 0 0 0 0 
165.165 0.664429 -0.758053 0 0 2.99765e+06 2.99765e+06 8500 400 -3.21442e-06 0 0 0 0 0 0 0 0 
166.667 0.664429 -0.758053 0 0 2.99765e+06 2.99765e+06 8500 400 -3.21442e-06 0 0 0 0 0 0 0 0 
168.168 0.664429 -0.758053 0 0 2.99765e+06 2.99765e+06 8500 400 -3.21442e-06 0 0 0 0 0 0 0 0 
169.67 0.664429 -0.758053 0 0 2.99765e+06 2.99765e+06 8500 400 -3.21442e-06 0 0 0 0 0 0 0 0 
171.171 0.664429 -0.758053 0 0 2.99765e+06 2.99765e+06 8500 400 -3.21442e-06 0 0 0 0 0 0 0 0 
172.673 0.664429 -0.758053 0 0 2.99765e+06 2.99765e+06 8500 400 -3.21444e-06 0 0 0 0 0 0 0 0 
174.174 0.664429 -0.758053 0 0 2.99765e+06 2.99765e+06 8500 400 -3.21444e-06 0 0 0 0 0 0 0 0 
175.676 0.664429 -0.758053 0 0 2.99765e+06 2.99765e+06 8500 400 -3.21442e-06 0 0 0 0 0 0 0 0 
177.177 0.664429 -0.758053 0 0 2.99765e+06 2.99765e+06 8500 400 -3.21442e-06 0 0 0 0 0 0 0 0 
178.679 0.664429 -0.758053 0 0 2.99765e+06 2.99765e+06 8500 400 -3.21442e-06 0 0 0 0 0 0 0 0 
180.18 0.664429 -0.758053 0 0 2.99765e+06 2.99765e+06 8500 400 -3.21442e-06 0 0 0 0 0 0 0 0 
181.682 0.664429 -0.758053 0 0 2.99765e+06 2.99765e+06 8500 400 -3.21442e-06 0 0 0 0 0 0 0 0 
183.183 0.664429 -0.758053 0 0 2.99765e+06 2.99765e+06 8500 400 -3.21442e-06 0 0 0 0 0 0 0 0 
184.685 0.664429 -0.758053 0 0 2.99765e+06 2.99765e+06 8500 400 -3.21442e-06 0 0 0 0 0 0 0 0 
186.186 0.664429 -0.758053 0 0 2.99765e+06 2.99765e+06 8500 400 -3.21442e-06 0 0 0 0 0 0 0 0 
187.688 0.664429 -0.758053 0 0 2.99765e+06 2.99765e+06 8500 400 -3.21439e-06 0 0 0 0 0 0 0 0 
189.189 0.664429 -0.758053 0 0 2.99765e+06 2.99765e+06 8500 400 -3.21439e-06 0 0 0 0 0 0 0 0 
190.691 0.664429 -0.758053 0 0 2.99765e+06 2.99765e+06 8500 400 -3.21442e-06 0 0 0 0 0 0 0 0 
192.192 0.664429 -0.758053 0 0 2.99765e+06 2.99765e+06 8500 400 -3.21442e-06 0 0 0 0 0 0 0 0 
193.694 0.664429 -0.758053 0 0 2.99765e+06 2.99765e+06 8500 400 -3.21442e-06 0 0 0 0 0 0 0 0 
195.195 0.664429 -0.758053 0 0 2.99765e+06 2.99765e+06 8500 400 -3.21442e-06 0 0 0 0 0 0 0 0 
196.697 0.664429 -0.758053 0 0 2.99765e+06 2.99765e+06 8500 400 -3.21442e-06 0 0 0 0 0 0 0 0 
198.198 0.664429 -0.758053 0 0 2.99765e+06 2.99765e+06 8500 400 -3.21442e-06 0 0 0 0 0 0 0 0 
199.7 0.664429 -0.758053 0 0 2.99765e+06 2.99765e+06 8500 400 -3.21444e-06 0 0 0 0 0 0 0 0 
201.201 0.664429 -0.758053 0 0 2.99765e+06 2.99765e+06 8500 400 -3.21444e-06 0 0 0 0 0 0 0 0 
202.703 0.664429 -0.758053 0 0 2.99765e+06 2.99765e+06 8500 400 -3.21442e-06 0 0 0 0 0 0 0 0 
204.204 0.664429 -0.758053 0 0 2.99765e+06 2.99765e+06 8500 400 -3.21442e-06 0 0 0 0 0 0 0 0 
205.706 0.664429 -0.758053 0 0 2.99765e+06 2.99765e+06 8500 400 -3.21442e-06 0 0 0 0 0 0 0 0 
207.207 0.664429 -0.758053 0 0 2.99765e+06 2.99765e+06 8500 400 -3.21442e-06 0 0 0 0 0 0 0 0 
208.709 0.664429 -0.758053 0 0 2.99765e+06 2.99765e+06 8500 400 -3.21442e-06 0 0 0 0 0 0 0 0 
210.21 0.664429 -0.758053 0 0 2.99765e+06 2.99765e+06 8500 400 -3.21442e-06 0 0 0 0 0 0 0 0 
211.712 0.664429 -0.758053 0 0 2.99765e+06 2.99765e+06 8500 400 -3.21442e-06 0 0 0 0 0 0 0 0 
213.213 0.664429 -0.758053 0 0 2.99765e+06 2.99765e+06 8500 400 -3.21442e-06 0 0 0 0 0 0 0 0 
214.715 0.664429 -0.758053 0 0 2.99765e+06 2.99765e+06 8500 400 -3.21442e-06 0 0 0 0 0 0 0 0 
216.216 0.664429 -0.758053 0 0 2.99765e+06 2.99765e+06 8500 400 -3.21442e-06 0 0 0 0 0 0 0 0 
217.718 0.664429 -0.758053 0 0 2.99765e+06 2.99765e+06 8500 400 -3.21442e-06 0 0 0 0 0 0 0 0 
219.219 0.664429 -0.758053 0 0 2.99765e+06 2.99765e+06 8500 400 -3.21442e-06 0 0 0 0 0 0 0 0 
220.721 0.664429 -0.758053 0 0 2.99765e+06 2.99765e+06 8500 400 -3.21442e-06 0 0 0 0 0 0 0 0 
222.222 0.664429 -0.758053 0 0 2.99765e+06 2.99765e+06 8500 400 -3.21442e-06 0 0 0 0 0 0 0 0 
223.724 0.664429 -0.758053 0 0 2.99765e+06 2.99765e+06 8500 400 -3.21442e-06 0 0 0 0 0 0 0 0 
225.225 0.664429 -0.758053 0 0 2.99765e+06 2.99765e+06 8500 400 -3.21442e-06 0 0 0 0 0 0 0 0 
226.727 0.664429 -0.758053 0 0 2.99765e+06 2.99765e+06 8500 400 -3.21444e-06 0 0 0 0 0 0 0 0 
228.228 0.664429 -0.758053 0 0 2.99765e+06 2.99765e+06 8500 400 -3.21444e-06 0 0 0 0 0 0 0 0 
229.73 0.664429 -0.758053 0 0 2.99765e+06 2.99765e+06 8500 400 -3.21442e-06 0 0 0 0 0 0 0 0 
231.231 0.664429 -0.758053 0 0 2.99765e+06 2.99765e+06 8500 400 -3.21442e-06 0 0 0 0 0 0 0 0 
232.733 0.664429 -0.758053 0 0 2.99765e+06 2.99765e+06 8500 400 -3.21442e-06 0 0 0 0 0 0 0 0 
234.234 0.664429 -0.758053 0 0 2.99765e+06 2.99765e+06 8500 400 -3.21442e-06 0 0 0 0 0 0 0 0 
235.736 0.664429 -0.758053 0 0 2.99765e+06 2.99765e+06 8500 400 -3.21442e-06 0 0 0 0 0 0 0 0 
237.237 0.664429 -0.758053 0 0 2.99765e+06 2.99765e+06 8500 400 -3.21442e-06 0 0 0 0 0 0 0 0 
238.739 0.664429 -0.758053 0 0 2.99765e+06 2.99765e+06 8500 400 -3.21442e-06 0 0 0 0 0 0 0 0 
240.24 0.664429 -0.758053 0 0 2.99765e+06 2.99765e+06 8500 400 -3.21442e-06 0 0 0 0 0 0 0 0 
241.742 0.664429 -0.758053 0 0 2.99765e+06 2.99765e+06 8500 400 -3.21442e-06 0 0 0 0 0 0 0 0 
243.243 0.664429 -0.758053 0 0 2.99765e+06 2.99765e+06 8500 400 -3.21442e-06 0 0 0 0 0 0 0 0 
244.745 0.664429 -0.758053 0 0 2.99765e+06 2.99765e+06 8500 400 -3.21442e-06 0 0 0 0 0 0 0 0 
246.246 0.664429 -0.758053 0 0 2.99765e+06 2.99765e+06 8500 400 -3.21442e-06 0 0 0 0 0 0 0 0 
247.748 0.664429 -0.758053 0 0 2.99765e+06 2.99765e+06 8500 400 -3.21442e-06 0 0 0 0 0 0 0 0 
249.249 0.664429 -0.758053 0 0 2.99765e+06 2.99765e+06 8500 400 -3.21442e-06 0 0 0 0 0 0 0 0 
250.751 0.664429 -0.758053 0 0 2.99765e+06 2.99765e+06 8500 400 -3.21442e-06 0 0 0 0 0 0 0 0 
252.252 0.664429 -0.758053 0 0 2.99765e+06 2.99765e+06 8500 400 -3.21442e-06 0 0 0 0 0 0 0 0 
253.754 0.664429 -0.758053 0 0 2.99765e+06 2.99765e+06 8500 400 -3.21442e-06 0 0 0 0 0 0 0 0 
255.255 0.664429 -0.758053 0 0 2.99765e+06 2.99765e+06 8500 400 -3.21442e-06 0 0 0 0 0 0 0 0 
256.757 0.664429 -0.758053 0 0 2.99765e+06 2.99765e+06 8500 400 -3.21442e-06 0 0 0 0 0 0 0 0 
258.258 0.664429 -0.758053 0 0 2.99765e+06 2.99765e+06 8500 400 -3.21442e-06 0 0 0 0 0 0 0 0 
259.76 0.664429 -0.758053 0 0 2.99765e+06 2.99765e+06 8500 400 -3.21442e-06 0 0 0 0 0 0 0 0 
261.261 0.664429 -0.758053 0 0 2.99765e+06 2.99765e+06 8500 400 -3.21442e-06 0 0 0 0 0 0 0 0 
262.763 0.664429 -0.758053 0 0 2.99765e+06 2.99765e+06 8500 400 -3.21442e-06 0 0 0 0 0 0 0 0 
264.264 0.664429 -0.758053 0 0 2.99765e+06 2.99765e+06 8500 400 -3.21442e-06 0 0 0 0 0 0 0 0 
265.766 0.664429 -0.758053 0 0 2.99765e+06 2.99765e+06 8500 400 -3.21442e-06 0 0 0 0 0 0 0 0 
267.267 0.664429 -0.758053 0 0 2.99765e+06 2.99765e+06 8500 400 -3.21442e-06 0 0 0 0 0 0 0 0 
268.769 0.664429 -0.758053 0 0 2.99765e+06 2.99765e+06 8500 400 -3.21442e-06 0 0 0 0 0 0 0 0 
270.27 0.664429 -0.758053 0 0 2.99765e+06 2.99765e+06 8500 400 -3.21442e-06 0 0 0 0 0 0 0 0 
271.772 0.664429 -0.758053 0 0 2.99765e+06 2.99765e+06 8500 400 -3.21442e-06 0 0 0 0 0 0 0 0 
273.273 0.664429 -0.758053 0 0 2.99765e+06 2.99765e+06 8500 400 -3.21442e-06 0 0 0 0 0 0 0 0 
274.775 0.664429 -0.758053 0 0 2.99765e+06 2.99765e+06 8500 400 -3.21442e-06 0 0 0 0 0 0 0 0 
276.276 0.664429 -0.758053 0 0 2.99765e+06 2.99765e+06 8500 400 -3.21442e-06 0 0 0 0 0 0 0 0 
277.778 0.664429 -0.758053 0 0 2.99765e+06 2.99765e+06 8500 400 -3.21442e-06 0 0 0 0 0 0 0 0 
279.279 0.664429 -0.758053 0 0 2.99765e+06 2.99765e+06 8500 400 -3.21444e-06 0 0 0 0 0 0 0 0 
280.781 0.664429 -0.758053 0 0 2.99765e+06 2.99765e+06 8500 400 -3.21444e-06 0 0 0 0 0 0 0 0 
282.282 0.664429 -0.758053 0 0 2.99765e+06 2.99765e+06 8500 400 -3.21442e-06 0 0 0 0 0 0 0 0 
283.784 0.664429 -0.758053 0 0 2.99765e+06 2.99765e+06 8500 400 -3.21442e-06 0 0 0 0 0 0 0 0 
285.285 0.664429 -0.758053 0 0 2.99765e+06 2.99765e+06 8500 400 -3.21442e-06 0 0 0 0 0 0 0 0 
286.787 0.664429 -0.758053 0 0 2.99765e+06 2.99765e+06 8500 400 -3.21442e-06 0 0 0 0 0 0 0 0 
288.288 0.664429 -0.758053 0 0 2.99765e+06 2.99765e+06 8500 400 -3.21442e-06 0 0 0 0 0 0 0 0 
289.79 0.664429 -0.758053 0 0 2.99765e+06 2.99765e+06 8500 400 -3.21442e-06 0 0 0 0 0 0 0 0 
291.291 0.664429 -0.758053 0 0 2.99765e+06 2.99765e+06 8500 400 -3.21442e-06 0 0 0 0 0 0 0 0 
292.793 0.664429 -0.758053 0 0 2.99765e+06 2.99765e+06 8500 400 -3.21442e-06 0 0 0 0 0 0 0 0 
294.294 0.664429 -0.758053 0 0 2.99765e+06 2.99765e+06 8500 400 -3.21442e-06 0 0 0 0 0 0 0 0 
295.796 0.664429 -0.758053 0 0 2.99765e+06 2.99765e+06 8500 400 -3.21442e-06 0 0 0 0 0 0 0 0 
297.297 0.664429 -0.758053 0 0 2.99765e+06 2.99765e+06 8500 400 -3.21442e-06 0 0 0 0 0 0 0 0 
298.799 0.664429 -0.758053 0 0 2.99765e+06 2.99765e+06 8500 400 -3.21442e-06 0 0 0 0 0 0 0 0 
300.3 0.664429 -0.758053 0 0 2.99765e+06 2.99765e+06 8500 400 -3.21442e-06 0 0 0 0 0 0 0 0 
301.802 0.664429 -0.758053 0 0 2.99765e+06 2.99765e+06 8500 400 -3.21442e-06 0 0 0 0 0 0 0 0 
303.303 0.664429 -0.758053 0 0 2.99765e+06 2.99765e+06 8500 400 -3.21442e-06 0 0 0 0 0 0 0 0 
304.805 0.664429 -0.758053 0 0 2.99765e+06 2.99765e+06 8500 400 -3.21442e-06 0 0 0 0 0 0 0 0 
306.306 0.664429 -0.758053 0 0 2.99765e+06 2.99765e+06 8500 400 -3.21442e-06 0 0 0 0 0 0 0 0 
307.808 0.664429 -0.758053 0 0 2.99765e+06 2.99765e+06 8500 400 -3.21442e-06 0 0 0 0 0 0 0 0 
309.309 0.664429 -0.758053 0 0 2.99765e+06 2.99765e+06 8500 400 -3.21442e-06 0 0 0 0 0 0 0 0 
310.811 0.664429 -0.758053 0 0 2.99765e+06 2.99765e+06 8500 400 -3.21442e-06 0 0 0 0 0 0 0 0 
312.312 0.664429 -0.758053 0 0 2.99765e+06 2.99765e+06 8500 400 -3.21442e-06 0 0 0 0 0 0 0 0 
313.814 0.664429 -0.758053 0 0 2.99765e+06 2.99765e+06 8500 400 -3.21442e-06 0 0 0 0 0 0 0 0 
315.315 0.664429 -0.758053 0 0 2.99765e+06 2.99765e+06 8500 400 -3.21442e-06 0 0 0 0 0 0 0 0 
316.817 0.664429 -0.758053 0 0 2.99765e+06 2.99765e+06 8500 400 -3.21442e-06 0 0 0 0 0 0 0 0 
318.318 0.664429 -0.758053 0 0 2.99765e+06 2.99765e+06 8500 400 -3.21442e-06 0 0 0 0 0 0 0 0 
319.82 0.664429 -0.758053 0 0 2.99765e+06 2.99765e+06 8500 400 -3.21442e-06 0 0 0 0 0 0 0 0 
321.321 0.664429 -0.758053 0 0 2.99765e+06 2.99765e+06 8500 400 -3.21442e-06 0 0 0 0 0 0 0 0 
322.823 0.664429 -0.758053 0 0 2.99765e+06 2.99765e+06 8500 400 -3.21442e-06 0 0 0 0 0 0 0 0 
324.324 0.664429 -0.758053 0 0 2.99765e+06 2.99765e+06 8500 400 -3.21442e-06 0 0 0 0 0 0 0 0 
325.826 0.664429 -0.758053 0 0 2.99765e+06 2.99765e+06 8500 400 -3.21442e-06 0 0 0 0 0 0 0 0 
327.327 0.664429 -0.758053 0 0 2.99765e+06 2.99765e+06 8500 400 -3.21442e-06 0 0 0 0 0 0 0 0 
328.829 0.664429 -0.758053 0 0 2.99765e+06 2.99765e+06 8500 400 -3.21442e-06 0 0 0 0 0 0 0 0 
330.33 0.664429 -0.758053 0 0 2.99765e+06 2.99765e+06 8500 400 -3.21439e-06 0 0 0 0 0 0 0 0 
331.832 0.664429 -0.758053 0 0 2.99765e+06 2.99765e+06 8500 400 -3.21437e-06 0 0 0 0 0 0 0 0 
333.333 0.664429 -0.758053 0 0 2.99765e+06 2.99765e+06 8500 400 -3.21439e-06 0 0 0 0 0 0 0 0 
334.835 0.664429 -0.758053 0 0 2.99765e+06 2.99765e+06 8500 400 -3.21442e-06 0 0 0 0 0 0 0 0 
336.336 0.664429 -0.758053 0 0 2.99765e+06 2.99765e+06 8500 400 -3.21442e-06 0 0 0 0 0 0 0 0 
337.838 0.664429 -0.758053 0 0 2.99765e+06 2.99765e+06 8500 400 -3.21442e-06 0 0 0 0 0 0 0 0 
339.339 0.664429 -0.758053 0 0 2.99765e+06 2.99765e+06 8500 400 -3.21442e-06 0 0 0 0 0 0 0 0 
340.841 0.664429 -0.758053 0 0 2.99765e+06 2.99765e+06 8500 400 -3.21442e-06 0 0 0 0 0 0 0 0 
342.342 0.664429 -0.758053 0 0 2.99765e+06 2.99765e+06 8500 400 -3.21442e-06 0 0 0 0 0 0 0 0 
343.844 0.664429 -0.758053 0 0 2.99765e+06 2.99765e+06 8500 400 -3.21442e-06 0 0 0 0 0 0 0 0 
345.345 0.664429 -0.758053 0 0 2.99765e+06 2.99765e+06 8500 400 -3.21442e-06 0 0 0 0 0 0 0 0 
346.847 0.664429 -0.758053 0 0 2.99765e+06 2.99765e+06 8500 400 -3.21442e-06 0 0 0 0 0 0 0 0 
348.348 0.664429 -0.758053 0 0 2.99765e+06 2.99765e+06 8500 400 -3.21442e-06 0 0 0 0 0 0 0 0 
349.85 0.664429 -0.758053 0 0 2.99765e+06 2.99765e+06 8500 400 -3.21442e-06 0 0 0 0 0 0 0 0 
351.351 0.664429 -0.758053 0 0 2.99765e+06 2.99765e+06 8500 400 -3.21442e-06 0 0 0 0 0 0 0 0 
352.853 0.664429 -0.758053 0 0 2.99765e+06 2.99765e+06 8500 400 -3.21442e-06 0 0 0 0 0 0 0 0 
354.354 0.664429 -0.758053 0 0 2.99765e+06 2.99765e+06 8500 400 -3.21442e-06 0 0 0 0 0 0 0 0 
355.856 0.664429 -0.758053 0 0 2.99765e+06 2.99765e+06 8500 400 -3.21442e-06 0 0 0 0 0 0 0 0 
357.357 0.664429 -0.758053 0 0 2.99765e+06 2.99765e+06 8500 400 -3.21442e-06 0 0 0 0 0 0 0 0 
358.859 0.664429 -0.758053 0 0 2.99765e+06 2.99765e+06 8500 400 -3.21442e-06 0 0 0 0 0 0 0 0 
360.36 0.664429 -0.758053 0 0 2.99765e+06 2.99765e+06 8500 400 -3.21442e-06 0 0 0 0 0 0 0 0 
361.862 0.664429 -0.758053 0 0 2.99765e+06 2.99765e+06 8500 400 -3.21442e-06 0 0 0 0 0 0 0 0 
363.363 0.664429 -0.758053 0 0 2.99765e+06 2.99765e+06 8500 400 -3.21442e-06 0 0 0 0 0 0 0 0 
364.865 0.664429 -0.758053 0 0 2.99765e+06 2.99765e+06 8500 400 -3.21442e-06 0 0 0 0 0 0 0 0 
366.366 0.664429 -0.758053 0 0 2.99765e+06 2.99765e+06 8500 400 -3.21442e-06 0 0 0 0 0 0 0 0 
367.868 0.664429 -0.758053 0 0 2.99765e+06 2.99765e+06 8500 400 -3.21442e-06 0 0 0 0 0 0 0 0 
369.369 0.664429 -0.758053 0 0 2.99765e+06 2.99765e+06 8500 400 -3.21442e-06 0 0 0 0 0 0 0 0 
370.871 0.664429 -0.758053 0 0 2.99765e+06 2.99765e+06 8500 400 -3.21442e-06 0 0 0 0 0 0 0 0 
372.372 0.664429 -0.758053 0 0 2.99765e+06 2.99765e+06 8500 400 -3.21442e-06 0 0 0 0 0 0 0 0 
373.874 0.664429 -0.758053 0 0 2.99765e+06 2.99765e+06 8500 400 -3.21442e-06 0 0 0 0 0 0 0 0 
375.375 0.664429 -0.758053 0 0 2.99765e+06 2.99765e+06 8500 400 -3.21442e-06 0 0 0 0 0 0 0 0 
376.877 0.664429 -0.758053 0 0 2.99765e+06 2.99765e+06 8500 400 -3.21442e-06 0 0 0 0 0 0 0 0 
378.378 0.664429 -0.758053 0 0 2.99765e+06 2.99765e+06 8500 400 -3.21442e-06 0 0 0 0 0 0 0 0 
379.88 0.664429 -0.758053 0 0 2.99765e+06 2.99765e+06 8500 400 -3.21442e-06 0 0 0 0 0 0 0 0 
381.381 0.664429 -0.758053 0 0 2.99765e+06 2.99765e+06 8500 400 -3.21442e-06 0 0 0 0 0 0 0 0 
382.883 0.664429 -0.758053 0 0 2.99765e+06 2.99765e+06 8500 400 -3.21442e-06 0 0 0 0 0 0 0 0 
384.384 0.664429 -0.758053 0 0 2.99765e+06 2.99765e+06 8500 400 -3.21442e-06 0 0 0 0 0 0 0 0 
385.886 0.664429 -0.758053 0 0 2.99765e+06 2.99765e+06 8500 400 -3.21442e-06 0 0 0 0 0 0 0 0 
387.387 0.664429 -0.758053 0 0 2.99765e+06 2.99765e+06 8500 400 -3.21439e-06 0 0 0 0 0 0 0 0 
388.889 0.664429 -0.758053 0 0 2.99765e+06 2.99765e+06 8500 400 -3.21439e-06 0 0 0 0 0 0 0 0 
390.39 0.664429 -0.758053 0 0 2.99765e+06 2.99765e+06 8500 400 -3.21442e-06 0 0 0 0 0 0 0 0 
391.892 0.664429 -0.758053 0 0 2.99765e+06 2.99765e+06 8500 400 -3.21442e-06 0 0 0 0 0 0 0 0 
393.393 0.664429 -0.758053 0 0 2.99765e+06 2.99765e+06 8500 400 -3.21442e-06 0 0 0 0 0 0 0 0 
394.895 0.664429 -0.758053 0 0 2.99765e+06 2.99765e+06 8500 400 -3.21442e-06 0 0 0 0 0 0 0 0 
396.396 0.664429 -0.758053 0 0 2.99765e+06 2.99765e+06 8500 400 -3.21442e-06 0 0 0 0 0 0 0 0 
397.898 0.664429 -0.758053 0 0 2.99765e+06 2.99765e+06 8500 400 -3.21442e-06 0 0 0 0 0 0 0 0 
399.399 0.664429 -0.758053 0 0 2.99765e+06 2.99765e+06 8500 400 -3.21442e-06 0 0 0 0 0 0 0 0 
400.901 0.664429 -0.758053 0 0 2.99765e+06 2.99765e+06 8500 400 -3.21442e-06 0 0 0 0 0 0 0 0 
402.402 0.664429 -0.758053 0 0 2.99765e+06 2.99765e+06 8500 400 -3.21442e-06 0 0 0 0 0 0 0 0 
403.904 0.664429 -0.758053 0 0 2.99765e+06 2.99765e+06 8500 400 -3.21442e-06 0 0 0 0 0 0 0 0 
405.405 0.664429 -0.758053 0 0 2.99765e+06 2.99765e+06 8500 400 -3.21442e-06 0 0 0 0 0 0 0 0 
406.907 0.664429 -0.758053 0 0 2.99765e+06 2.99765e+06 8500 400 -3.21442e-06 0 0 0 0 0 0 0 0 
408.408 0.664429 -0.758053 0 0 2.99765e+06 2.99765e+06 8500 400 -3.21442e-06 0 0 0 0 0 0 0 0 
409.91 0.664429 -0.758053 0 0 2.99765e+06 2.99765e+06 8500 400 -3.21442e-06 0 0 0 0 0 0 0 0 
411.411 0.664429 -0.758053 0 0 2.99765e+06 2.99765e+06 8500 400 -3.21442e-06 0 0 0 0 0 0 0 0 
412.913 0.664429 -0.758053 0 0 2.99765e+06 2.99765e+06 8500 400 -3.21442e-06 0 0 0 0 0 0 0 0 
414.414 0.664429 -0.758053 0 0 2.99765e+06 2.99765e+06 8500 400 -3.21442e-06 0 0 0 0 0 0 0 0 
415.916 0.664429 -0.758053 0 0 2.99765e+06 2.99765e+06 8500 400 -3.21442e-06 0 0 0 0 0 0 0 0 
417.417 0.664429 -0.758053 0 0 2.99765e+06 2.99765e+06 8500 400 -3.21442e-06 0 0 0 0 0 0 0 0 
418.919 0.664429 -0.758053 0 0 2.99765e+06 2.99765e+06 8500 400 -3.21442e-06 0 0 0 0 0 0 0 0 
420.42 0.664429 -0.758053 0 0 2.99765e+06 2.99765e+06 8500 400 -3.21442e-06 0 0 0 0 0 0 0 0 
421.922 0.664429 -0.758053 0 0 2.99765e+06 2.99765e+06 8500 400 -3.21442e-06 0 0 0 0 0 0 0 0 
423.423 0.664429 -0.758053 0 0 2.99765e+06 2.99765e+06 8500 400 -3.21442e-06 0 0 0 0 0 0 0 0 
424.925 0.664429 -0.758053 0 0 2.99765e+06 2.99765e+06 8500 400 -3.21442e-06 0 0 0 0 0 0 0 0 
426.426 0.664429 -0.758053 0 0 2.99765e+06 2.99765e+06 8500 400 -3.21442e-06 0 0 0 0 0 0 0 0 
427.928 0.664429 -0.758053 0 0 2.99765e+06 2.99765e+06 8500 400 -3.21442e-06 0 0 0 0 0 0 0 0 
429.429 0.664429 -0.758053 0 0 2.99765e+06 2.99765e+06 8500 400 -3.21442e-06 0 0 0 0 0 0 0 0 
430.931 0.664429 -0.758053 0 0 2.99765e+06 2.99765e+06 8500 400 -3.21442e-06 0 0 0 0 0 0 0 0 
432.432 0.664429 -0.758053 0 0 2.99765e+06 2.99765e+06 8500 400 -3.21442e-06 0 0 0 0 0 0 0 0 
433.934 0.664429 -0.758053 0 0 2.99765e+06 2.99765e+06 8500 400 -3.21442e-06 0 0 0 0 0 0 0 0 
435.435 0.664429 -0.758053 0 0 2.99765e+06 2.99765e+06 8500 400 -3.21442e-06 0 0 0 0 0 0 0 0 
436.937 0.664429 -0.758053 0 0 2.99765e+06 2.99765e+06 8500 400 -3.21442e-06 0 0 0 0 0 0 0 0 
438.438 0.664429 -0.758053 0 0 2.99765e+06 2.99765e+06 8500 400 -3.21442e-06 0 0 0 0 0 0 0 0 
439.94 0.664429 -0.758053 0 0 2.99765e+06 2.99765e+06 8500 400 -3.21444e-06 0 0 0 0 0 0 0 0 
441.441 0.664429 -0.758053 0 0 2.99765e+06 2.99765e+06 8500 400 -3.21444e-06 0 0 0 0 0 0 0 0 
442.943 0.664429 -0.758053 0 0 2.99765e+06 2.99765e+06 8500 400 -3.21442e-06 0 0 0 0 0 0 0 0 
444.444 0.664429 -0.758053 0 0 2.99765e+06 2.99765e+06 8500 400 -3.21442e-06 0 0 0 0 0 0 0 0 
445.946 0.664429 -0.758053 0 0 2.99765e+06 2.99765e+06 8500 400 -3.21442e-06 0 0 0 0 0 0 0 0 
447.447 0.664429 -0.758053 0 0 2.99765e+06 2.99765e+06 8500 400 -3.21442e-06 0 0 0 0 0 0 0 0 
448.949 0.664429 -0.758053 0 0 2.99765e+06 2.99765e+06 8500 400 -3.21442e-06 0 0 0 0 0 0 0 0 
450.45 0.664429 -0.758053 0 0 2.99765e+06 2.99765e+06 8500 400 -3.21442e-06 0 0 0 0 0 0 0 0 
451.952 0.664429 -0.758053 0 0 2.99765e+06 2.99765e+06 8500 400 -3.21442e-06 0 0 0 0 0 0 0 0 
453.453 0.664429 -0.758053 0 0 2.99765e+06 2.99765e+06 8500 400 -3.21442e-06 0 0 0 0 0 0 0 0 
454.955 0.664429 -0.758053 0 0 2.99765e+06 2.99765e+06 8500 400 -3.21442e-06 0 0 0 0 0 0 0 0 
456.456 0.664429 -0.758053 0 0 2.99765e+06 2.99765e+06 8500 400 -3.21442e-06 0 0 0 0 0 0 0 0 
457.958 0.664429 -0.758053 0 0 2.99765e+06 2.99765e+06 8500 400 -3.21442e-06 0 0 0 0 0 0 0 0 
459.459 0.664429 -0.758053 0 0 2.99765e+06 2.99765e+06 8500 400 -3.21442e-06 0 0 0 0 0 0 0 0 
460.961 0.664429 -0.758053 0 0 2.99765e+06 2.99765e+06 8500 400 -3.21442e-06 0 0 0 0 0 0 0 0 
462.462 0.664429 -0.758053 0 0 2.99765e+06 2.99765e+06 8500 400 -3.21442e-06 0 0 0 0 0 0 0 0 
463.964 0.664429 -0.758053 0 0 2.99765e+06 2.99765e+06 8500 400 -3.21442e-06 0 0 0 0 0 0 0 0 
465.465 0.664429 -0.758053 0 0 2.99765e+06 2.99765e+06 8500 400 -3.21444e-06 0 0 0 0 0 0 0 0 
466.967 0.664429 -0.758053 0 0 2.99765e+06 2.99765e+06 8500 400 -3.21442e-06 0 0 0 0 0 0 0 0 
468.468 0.664429 -0.758053 0 0 2.99765e+06 2.99765e+06 8500 400 -3.21439e-06 0 0 0 0 0 0 0 0 
469.97 0.664429 -0.758053 0 0 2.99765e+06 2.99765e+06 8500 400 -3.21442e-06 0 0 0 0 0 0 0 0 
471.471 0.664429 -0.758053 0 0 2.99765e+06 2.99765e+06 8500 400 -3.21439e-06 0 0 0 0 0 0 0 0 
472.973 0.664429 -0.758053 0 0 2.99765e+06 2.99765e+06 8500 400 -3.21439e-06 0 0 0 0 0 0 0 0 
474.474 0.664429 -0.758053 0 0 2.99765e+06 2.99765e+06 8500 400 -3.21442e-06 0 0 0 0 0 0 0 0 
475.976 0.664429 -0.758053 0 0 2.99765e+06 2.99765e+06 8500 400 -3.21442e-06 0 0 0 0 0 0 0 0 
477.477 0.664429 -0.758053 0 0 2.99765e+06 2.99765e+06 8500 400 -3.21442e-06 0 0 0 0 0 0 0 0 
478.979 0.664429 -0.758053 0 0 2.99765e+06 2.99765e+06 8500 400 -3.21442e-06 0 0 0 0 0 0 0 0 
480.48 0.664429 -0.758053 0 0 2.99765e+06 2.99765e+06 8500 400 -3.21442e-06 0 0 0 0 0 0 0 0 
481.982 0.664429 -0.758053 0 0 2.99765e+06 2.99765e+06 8500 400 -3.21442e-06 0 0 0 0 0 0 0 0 
483.483 0.664429 -0.758053 0 0 2.99765e+06 2.99765e+06 8500 400 -3.21442e-06 0 0 0 0 0 0 0 0 
484.985 0.664429 -0.758053 0 0 2.99765e+06 2.99765e+06 8500 400 -3.21442e-06 0 0 0 0 0 0 0 0 
486.486 0.664429 -0.758053 0 0 2.99765e+06 2.99765e+06 8500 400 -3.21442e-06 0 0 0 0 0 0 0 0 
487.988 0.664429 -0.758053 0 0 2.99765e+06 2.99765e+06 8500 400 -3.21442e-06 0 0 0 0 0 0 0 0 
489.489 0.664429 -0.758053 0 0 2.99765e+06 2.99765e+06 8500 400 -3.21442e-06 0 0 0 0 0 0 0 0 
490.991 0.664429 -0.758053 0 0 2.99765e+06 2.99765e+06 8500 400 -3.21442e-06 0 0 0 0 0 0 0 0 
492.492 0.664429 -0.758053 0 0 2.99765e+06 2.99765e+06 8500 400 -3.21444e-06 0 0 0 0 0 0 0 0 
493.994 0.664429 -0.758053 0 0 2.99765e+06 2.99765e+06 8500 400 -3.21444e-06 0 0 0 0 0 0 0 0 
495.495 0.664429 -0.758053 0 0 2.99765e+06 2.99765e+06 8500 400 -3.21442e-06 0 0 0 0 0 0 0 0 
496.997 0.664429 -0.758053 0 0 2.99765e+06 2.99765e+06 8500 400 -3.21442e-06 0 0 0 0 0 0 0 0 
498.498 0.664429 -0.758053 0 0 2.99765e+06 2.99765e+06 8500 400 -3.21442e-06 0 0 0 0 0 0 0 0 
500 0.664429 -0.758053 0 0 2.99765e+06 2.99765e+06 8500 400 -3.21442e-06 0 0 0 0 0 0 0 0 
500 0.664429 -0.758053 0 0 2.99765e+06 2.99765e+06 8500 400 -3.21446e-06 0 0 0 0 0 0 0 0 
501.492 0.664429 -0.758053 0 0 2.99765e+06 2.99765e+06 8500 400 -3.21446e-06 0 0 0 0 0 0 0 0 
502.964 0.664429 -0.758053 0 0 2.99765e+06 2.99765e+06 8500 400 -3.21446e-06 0 0 0 0 0 0 0 0 
504.416 0.664429 -0.758053 0 0 2.99765e+06 2.99765e+06 8500 400 -3.21446e-06 0 0 0 0 0 0 0 0 
505.848 0.664429 -0.758053 0 0 2.99765e+06 2.99765e+06 8500 400 -3.21451e-06 0 0 0 0 0 0 0 0 
507.261 0.664429 -0.758053 0 0 2.99765e+06 2.99765e+06 8500 400 -3.21458e-06 0 0 0 0 0 0 0 0 
508.654 0.664429 -0.758053 0 0 2.99765e+06 2.99765e+06 8500 400 -3.21461e-06 0 0 0 0 0 0 0 0 
510.029 0.664429 -0.758053 0 0 2.99765e+06 2.99765e+06 8500 400 -3.21461e-06 0 0 0 0 0 0 0 0 
511.384 0.664429 -0.758053 0 0 2.99765e+06 2.99765e+06 8500 400 -3.21461e-06 0 0 0 0 0 0 0 0 
512.722 0.664429 -0.758053 0 0 2.99765e+06 2.99765e+06 8500 400 -3.21461e-06 0 0 0 0 0 0 0 0 
514.041 0.664429 -0.758053 0 0 2.99765e+06 2.99765e+06 8500 400 -3.21458e-06 0 0 0 0 0 0 0 0 
515.342 0.664429 -0.758053 0 0 2.99765e+06 2.99765e+06 8500 400 -3.21456e-06 0 0 0 0 0 0 0 0 
516.625 0.664429 -0.758053 0 0 2.99765e+06 2.99765e+06 8500 400 -3.21456e-06 0 0 0 0 0 0 0 0 
517.891 0.664429 -0.758053 0 0 2.99765e+06 2.99765e+06 8500 400 -3.21451e-06 0 0 0 0 0 0 0 0 
519.14 0.664429 -0.758053 0 0 2.99765e+06 2.99765e+06 8500 400 -3.21451e-06 0 0 0 0 0 0 0 0 
520.371 0.664429 -0.758053 0 0 2.99765e+06 2.99765e+06 8500 400 -3.21456e-06 0 0 0 0 0 0 0 0 
521.586 0.664429 -0.758053 0 0 2.99765e+06 2.99765e+06 8500 400 -3.21456e-06 0 0 0 0 0 0 0 0 
522.785 0.664429 -0.758053 0 0 2.99765e+06 2.99765e+06 8500 400 -3.21456e-06 0 0 0 0 0 0 0 0 
523.967 0.664429 -0.758053 0 0 2.99765e+06 2.99765e+06 8500 400 -3.21458e-06 0 0 0 0 0 0 0 0 
525.133 0.664429 -0.758053 0 0 2.99765e+06 2.99765e+06 8500 400 -3.21461e-06 0 0 0 0 0 0 0 0 
526.283 0.664429 -0.758053 0 0 2.99765e+06 2.99765e+06 8500 400 -3.21461e-06 0 0 0 0 0 0 0 0 
527.417 0.664429 -0.758053 0 0 2.99765e+06 2.99765e+06 8500 400 -3.21461e-06 0 0 0 0 0 0 0 0 
528.536 0.664429 -0.758053 0 0 2.99765e+06 2.99765e+06 8500 400 -3.21463e-06 0 0 0 0 0 0 0 0 
529.64 0.664429 -0.758053 0 0 2.99765e+06 2.99765e+06 8500 400 -3.21466e-06 0 0 0 0 0 0 0 0 
530.729 0.664429 -0.758053 0 0 2.99765e+06 2.99765e+06 8500 400 -3.21466e-06 0 0 0 0 0 0 0 0 
531.802 0.664429 -0.758053 0 0 2.99765e+06 2.99765e+06 8500 400 -3.21468e-06 0 0 0 0 0 0 0 0 
532.862 0.664429 -0.758053 0 0 2.99765e+06 2.99765e+06 8500 400 -3.2147e-06 0 0 0 0 0 0 0 0 
533.907 0.664429 -0.758053 0 0 2.99765e+06 2.99765e+06 8500 400 -3.21473e-06 0 0 0 0 0 0 0 0 
534.937 0.664429 -0.758053 0 0 2.99765e+06 2.99765e+06 8500 400 -3.2147e-06 0 0 0 0 0 0 0 0 
535.954 0.664429 -0.758053 0 0 2.99765e+06 2.99765e+06 8500 400 -3.21466e-06 0 0 0 0 0 0 0 0 
536.957 0.664429 -0.758053 0 0 2.99765e+06 2.99765e+06 8500 400 -3.21468e-06 0 0 0 0 0 0 0 0 
537.946 0.664429 -0.758053 0 0 2.99765e+06 2.99765e+06 8500 400 -3.21473e-06 0 0 0 0 0 0 0 0 
538.921 0.664429 -0.758053 0 0 2.99765e+06 2.99765e+06 8500 400 -3.21473e-06 0 0 0 0 0 0 0 0 
539.884 0.664429 -0.758053 0 0 2.99765e+06 2.99765e+06 8500 400 -3.21475e-06 0 0 0 0 0 0 0 0 
540.833 0.664429 -0.758053 0 0 2.99765e+06 2.99765e+06 8500 400 -3.21485e-06 0 0 0 0 0 0 0 0 
541.769 0.664429 -0.758053 0 0 2.99765e+06 2.99765e+06 8500 400 -3.2149e-06 0 0 0 0 0 0 0 0 
542.693 0.664429 -0.758053 0 0 2.99765e+06 2.99765e+06 8500 400 -3.21485e-06 0 0 0 0 0 0 0 0 
543.604 0.664429 -0.758053 0 0 2.99765e+06 2.99765e+06 8500 400 -3.2148e-06 0 0 0 0 0 0 0 0 
544.503 0.664429 -0.758053 0 0 2.99765e+06 2.99765e+06 8500 400 -3.2148e-06 0 0 0 0 0 0 0 0 
545.389 0.664429 -0.758053 0 0 2.99765e+06 2.99765e+06 8500 400 -3.21485e-06 0 0 0 0 0 0 0 0 
546.263 0.664429 -0.758053 0 0 2.99765e+06 2.99765e+06 8500 400 -3.2149e-06 0 0 0 0 0 0 0 0 
547.126 0.664429 -0.758053 0 0 2.99765e+06 2.99765e+06 8500 400 -3.21495e-06 0 0 0 0 0 0 0 0 
547.977 0.664429 -0.758053 0 0 2.99765e+06 2.99765e+06 8500 400 -3.21499e-06 0 0 0 0 0 0 0 0 
548.816 0.664429 -0.758053 0 0 2.99765e+06 2.99765e+06 8500 400 -3.21504e-06 0 0 0 0 0 0 0 0 
549.643 0.664429 -0.758053 0 0 2.99765e+06 2.99765e+06 8500 400 -3.21514e-06 0 0 0 0 0 0 0 0 
550.46 0.664429 -0.758053 0 0 2.99765e+06 2.99765e+06 8500 400 -3.21514e-06 0 0 0 0 0 0 0 0 
551.265 0.664429 -0.758053 0 0 2.99765e+06 2.99765e+06 8500 400 -3.21509e-06 0 0 0 0 0 0 0 0 
552.059 0.664429 -0.758053 0 0 2.99765e+06 2.99765e+06 8500 400 -3.21514e-06 0 0 0 0 0 0 0 0 
552.843 0.664429 -0.758053 0 0 2.99765e+06 2.99765e+06 8500 400 -3.21519e-06 0 0 0 0 0 0 0 0 
553.616 0.664429 -0.758053 0 0 2.99765e+06 2.99765e+06 8500 400 -3.21523e-06 0 0 0 0 0 0 0 0 
554.378 0.664429 -0.758053 0 0 2.99765e+06 2.99765e+06 8500 400 -3.21538e-06 0 0 0 0 0 0 0 0 
555.13 0.664429 -0.758053 0 0 2.99765e+06 2.99765e+06 8500 400 -3.21543e-06 0 0 0 0 0 0 0 0 
555.872 0.664429 -0.758053 0 0 2.99765e+06 2.99765e+06 8500 400 -3.21543e-06 0 0 0 0 0 0 0 0 
556.603 0.664429 -0.758053 0 0 2.99765e+06 2.99765e+06 8500 400 -3.21548e-06 0 0 0 0 0 0 0 0 
557.325 0.664429 -0.758053 0 0 2.99765e+06 2.99765e+06 8500 400 -3.21548e-06 0 0 0 0 0 0 0 0 
558.037 0.664429 -0.758053 0 0 2.99765e+06 2.99765e+06 8500 400 -3.21543e-06 0 0 0 0 0 0 0 0 
558.739 0.664429 -0.758053 0 0 2.99765e+06 2.99765e+06 8500 400 -3.21548e-06 0 0 0 0 0 0 0 0 
559.432 0.664429 -0.758053 0 0 2.99765e+06 2.99765e+06 8500 400 -3.21552e-06 0 0 0 0 0 0 0 0 
560.115 0.664429 -0.758053 0 0 2.99765e+06 2.99765e+06 8500 400 -3.21552e-06 0 0 0 0 0 0 0 0 
560.789 0.664429 -0.758053 0 0 2.99765e+06 2.99765e+06 8500 400 -3.21557e-06 0 0 0 0 0 0 0 0 
561.453 0.664429 -0.758053 0 0 2.99765e+06 2.99765e+06 8500 400 -3.21552e-06 0 0 0 0 0 0 0 0 
562.109 0.664429 -0.758053 0 0 2.99765e+06 2.99765e+06 8500 400 -3.21538e-06 0 0 0 0 0 0 0 0 
562.756 0.664429 -0.758053 0 0 2.99765e+06 2.99765e+06 8500 400 -3.21533e-06 0 0 0 0 0 0 0 0 
563.394 0.664429 -0.758053 0 0 2.99765e+06 2.99765e+06 8500 400 -3.21538e-06 0 0 0 0 0 0 0 0 
564.023 0.664429 -0.758053 0 0 2.99765e+06 2.99765e+06 8500 400 -3.21548e-06 0 0 0 0 0 0 0 0 
564.644 0.664429 -0.758053 0 0 2.99765e+06 2.99765e+06 8500 400 -3.21557e-06 0 0 0 0 0 0 0 0 
565.256 0.664429 -0.758053 0 0 2.99765e+06 2.99765e+06 8500 400 -3.21557e-06 0 0 0 0 0 0 0 0 
565.86 0.664429 -0.758053 0 0 2.99765e+06 2.99765e+06 8500 400 -3.21552e-06 0 0 0 0 0 0 0 0 
566.455 0.664429 -0.758053 0 0 2.99765e+06 2.99765e+06 8500 400 -3.21548e-06 0 0 0 0 0 0 0 0 
567.043 0.664429 -0.758053 0 0 2.99765e+06 2.99765e+06 8500 400 -3.21548e-06 0 0 0 0 0 0 0 0 
567.622 0.664429 -0.758053 0 0 2.99765e+06 2.99765e+06 8500 400 -3.21548e-06 0 0 0 0 0 0 0 0 
568.194 0.664429 -0.758053 0 0 2.99765e+06 2.99765e+06 8500 400 -3.21548e-06 0 0 0 0 0 0 0 0 
568.758 0.664429 -0.758053 0 0 2.99765e+06 2.99765e+06 8500 400 -3.21552e-06 0 0 0 0 0 0 0 0 
569.314 0.664429 -0.758053 0 0 2.99765e+06 2.99765e+06 8500 400 -3.21547e-06 0 0 0 0 0 0 0 0 
569.863 0.664429 -0.758053 0 0 2.99765e+06 2.99765e+06 8500 400 -3.21543e-06 0 0 0 0 0 0 0 0 
570.404 0.664429 -0.758053 0 0 2.99765e+06 2.99765e+06 8500 400 -3.21543e-06 0 0 0 0 0 0 0 0 
570.938 0.664429 -0.758053 0 0 2.99765e+06 2.99765e+06 8500 400 -3.21533e-06 0 0 0 0 0 0 0 0 
571.464 0.664429 -0.758053 0 0 2.99765e+06 2.99765e+06 8500 400 -3.21528e-06 0 0 0 0 0 0 0 0 
571.984 0.664429 -0.758053 0 0 2.99765e+06 2.99765e+06 8500 400 -3.21528e-06 0 0 0 0 0 0 0 0 
572.496 0.664429 -0.758053 0 0 2.99765e+06 2.99765e+06 8500 400 -3.21528e-06 0 0 0 0 0 0 0 0 
573.001 0.664429 -0.758053 0 0 2.99765e+06 2.99765e+06 8500 400 -3.21523e-06 0 0 0 0 0 0 0 0 
573.5 0.664429 -0.758053 0 0 2.99765e+06 2.99765e+06 8500 400 -3.21528e-06 0 0 0 0 0 0 0 0 
573.991 0.664429 -0.758053 0 0 2.99765e+06 2.99765e+06 8500 400 -3.21528e-06 0 0 0 0 0 0 0 0 
574.476 0.664429 -0.758053 0 0 2.99765e+06 2.99765e+06 8500 400 -3.21533e-06 0 0 0 0 0 0 0 0 
574.955 0.664429 -0.758053 0 0 2.99765e+06 2.99765e+06 8500 400 -3.21548e-06 0 0 0 0 0 0 0 0 
575.427 0.664429 -0.758053 0 0 2.99765e+06 2.99765e+06 8500 400 -3.21538e-06 0 0 0 0 0 0 0 0 
575.892 0.664429 -0.758053 0 0 2.99765e+06 2.99765e+06 8500 400 -3.21538e-06 0 0 0 0 0 0 0 0 
576.351 0.664429 -0.758053 0 0 2.99765e+06 2.99765e+06 8500 400 -3.21548e-06 0 0 0 0 0 0 0 0 
576.804 0.664429 -0.758053 0 0 2.99765e+06 2.99765e+06 8500 400 -3.21548e-06 0 0 0 0 0 0 0 0 
577.251 0.664429 -0.758053 0 0 2.99765e+06 2.99765e+06 8500 400 -3.21548e-06 0 0 0 0 0 0 0 0 
577.691 0.664429 -0.758053 0 0 2.99765e+06 2.99765e+06 8500 400 -3.21557e-06 0 0 0 0 0 0 0 0 
578.126 0.664429 -0.758053 0 0 2.99765e+06 2.99765e+06 8500 400 -3.21557e-06 0 0 0 0 0 0 0 0 
578.554 0.664429 -0.758053 0 0 2.99765e+06 2.99765e+06 8500 400 -3.21548e-06 0 0 0 0 0 0 0 0 
578.977 0.664429 -0.758053 0 0 2.99765e+06 2.99765e+06 8500 400 -3.21538e-06 0 0 0 0 0 0 0 0 
579.394 0.664429 -0.758053 0 0 2.99765e+06 2.99765e+06 8500 400 -3.21538e-06 0 0 0 0 0 0 0 0 
579.806 0.664429 -0.758053 0 0 2.99765e+06 2.99765e+06 8500 400 -3.21528e-06 0 0 0 0 0 0 0 0 
580.212 0.664429 -0.758053 0 0 2.99765e+06 2.99765e+06 8500 400 -3.21528e-06 0 0 0 0 0 0 0 0 
580.612 0.664429 -0.758053 0 0 2.99765e+06 2.99765e+06 8500 400 -3.21538e-06 0 0 0 0 0 0 0 0 
581.007 0.664429 -0.758053 0 0 2.99765e+06 2.99765e+06 8500 400 -3.21538e-06 0 0 0 0 0 0 0 0 
581.396 0.664429 -0.758053 0 0 2.99765e+06 2.99765e+06 8500 400 -3.21538e-06 0 0 0 0 0 0 0 0 
581.78 0.664429 -0.758053 0 0 2.99765e+06 2.99765e+06 8500 400 -3.21528e-06 0 0 0 0 0 0 0 0 
582.159 0.664429 -0.758053 0 0 2.99765e+06 2.99765e+06 8500 400 -3.21528e-06 0 0 0 0 0 0 0 0 
582.533 0.664429 -0.758053 0 0 2.99765e+06 2.99765e+06 8500 400 -3.21519e-06 0 0 0 0 0 0 0 0 
582.902 0.664429 -0.758053 0 0 2.99765e+06 2.99765e+06 8500 400 -3.21509e-06 0 0 0 0 0 0 0 0 
583.265 0.664429 -0.758053 0 0 2.99765e+06 2.99765e+06 8500 400 -3.21499e-06 0 0 0 0 0 0 0 0 
583.624 0.664429 -0.758053 0 0 2.99765e+06 2.99765e+06 8500 400 -3.21499e-06 0 0 0 0 0 0 0 0 
583.978 0.664429 -0.758053 0 0 2.99765e+06 2.99765e+06 8500 400 -3.21509e-06 0 0 0 0 0 0 0 0 
584.327 0.664429 -0.758053 0 0 2.99765e+06 2.99765e+06 8500 400 -3.21499e-06 0 0 0 0 0 0 0 0 
584.671 0.664429 -0.758053 0 0 2.99765e+06 2.99765e+06 8500 400 -3.2149e-06 0 0 0 0 0 0 0 0 
585.011 0.664429 -0.758053 0 0 2.99765e+06 2.99765e+06 8500 400 -3.2149e-06 0 0 0 0 0 0 0 0 
585.346 0.664429 -0.758053 0 0 2.99765e+06 2.99765e+06 8500 400 -3.21499e-06 0 0 0 0 0 0 0 0 
585.676 0.664429 -0.758053 0 0 2.99765e+06 2.99765e+06 8500 400 -3.21509e-06 0 0 0 0 0 0 0 0 
586.002 0.664429 -0.758053 0 0 2.99765e+06 2.99765e+06 8500 400 -3.21509e-06 0 0 0 0 0 0 0 0 
586.323 0.664429 -0.758053 0 0 2.99765e+06 2.99765e+06 8500 400 -3.2149e-06 0 0 0 0 0 0 0 0 
586.641 0.664429 -0.758053 0 0 2.99765e+06 2.99765e+06 8500 400 -3.2148e-06 0 0 0 0 0 0 0 0 
586.953 0.664429 -0.758053 0 0 2.99765e+06 2.99765e+06 8500 400 -3.2148e-06 0 0 0 0 0 0 0 0 
587.262 0.664429 -0.758053 0 0 2.99765e+06 2.99765e+06 8500 400 -3.21461e-06 0 0 0 0 0 0 0 0 
587.566 0.664429 -0.758053 0 0 2.99765e+06 2.99765e+06 8500 400 -3.21451e-06 0 0 0 0 0 0 0 0 
587.866 0.664429 -0.758053 0 0 2.99765e+06 2.99765e+06 8500 400 -3.21461e-06 0 0 0 0 0 0 0 0 
588.162 0.664429 -0.758053 0 0 2.99765e+06 2.99765e+06 8500 400 -3.21461e-06 0 0 0 0 0 0 0 0 
588.454 0.664429 -0.758053 0 0 2.99765e+06 2.99765e+06 8500 400 -3.21471e-06 0 0 0 0 0 0 0 0 
588.742 0.664429 -0.758053 0 0 2.99765e+06 2.99765e+06 8500 400 -3.2147e-06 0 0 0 0 0 0 0 0 
589.027 0.664429 -0.758053 0 0 2.99765e+06 2.99765e+06 8500 400 -3.21471e-06 0 0 0 0 0 0 0 0 
589.307 0.664429 -0.758053 0 0 2.99765e+06 2.99765e+06 8500 400 -3.21499e-06 0 0 0 0 0 0 0 0 
589.583 0.664429 -0.758053 0 0 2.99765e+06 2.99765e+06 8500 400 -3.2149e-06 0 0 0 0 0 0 0 0 
589.856 0.664429 -0.758053 0 0 2.99765e+06 2.99765e+06 8500 400 -3.2148e-06 0 0 0 0 0 0 0 0 
590.125 0.664429 -0.758053 0 0 2.99765e+06 2.99765e+06 8500 400 -3.2148e-06 0 0 0 0 0 0 0 0 
590.39 0.664429 -0.758053 0 0 2.99765e+06 2.99765e+06 8500 400 -3.2147e-06 0 0 0 0 0 0 0 0 
590.652 0.664429 -0.758053 0 0 2.99765e+06 2.99765e+06 8500 400 -3.21461e-06 0 0 0 0 0 0 0 0 
590.91 0.664429 -0.758053 0 0 2.99765e+06 2.99765e+06 8500 400 -3.21461e-06 0 0 0 0 0 0 0 0 
591.165 0.664429 -0.758053 0 0 2.99765e+06 2.99765e+06 8500 400 -3.2147e-06 0 0 0 0 0 0 0 0 
591.416 0.664429 -0.758053 0 0 2.99765e+06 2.99765e+06 8500 400 -3.2147e-06 0 0 0 0 0 0 0 0 
591.664 0.664429 -0.758053 0 0 2.99765e+06 2.99765e+06 8500 400 -3.2147e-06 0 0 0 0 0 0 0 0 
591.908 0.664429 -0.758053 0 0 2.99765e+06 2.99765e+06 8500 400 -3.2147e-06 0 0 0 0 0 0 0 0 
592.149 0.664429 -0.758053 0 0 2.99765e+06 2.99765e+06 8500 400 -3.2147e-06 0 0 0 0 0 0 0 0 
592.387 0.664429 -0.758053 0 0 2.99765e+06 2.99765e+06 8500 400 -3.2149e-06 0 0 0 0 0 0 0 0 
592.622 0.664429 -0.758053 0 0 2.99765e+06 2.99765e+06 8500 400 -3.21509e-06 0 0 0 0 0 0 0 0 
592.853 0.664429 -0.758053 0 0 2.99765e+06 2.99765e+06 8500 400 -3.21509e-06 0 0 0 0 0 0 0 0 
593.081 0.664429 -0.758053 0 0 2.99765e+06 2.99765e+06 8500 400 -3.2149e-06 0 0 0 0 0 0 0 0 
593.306 0.664429 -0.758053 0 0 2.99765e+06 2.99765e+06 8500 400 -3.2149e-06 0 0 0 0 0 0 0 0 
593.528 0.664429 -0.758053 0 0 2.99765e+06 2.99765e+06 8500 400 -3.21509e-06 0 0 0 0 0 0 0 0 
593.747 0.664429 -0.758053 0 0 2.99765e+06 2.99765e+06 8500 400 -3.2147e-06 0 0 0 0 0 0 0 0 
593.963 0.664429 -0.758053 0 0 2.99765e+06 2.99765e+06 8500 400 -3.21432e-06 0 0 0 0 0 0 0 0 
594.176 0.664429 -0.758053 0 0 2.99765e+06 2.99765e+06 8500 400 -3.21451e-06 0 0 0 0 0 0 0 0 
594.386 0.664429 -0.758053 0 0 2.99765e+06 2.99765e+06 8500 400 -3.21451e-06 0 0 0 0 0 0 0 0 
594.594 0.664429 -0.758053 0 0 2.99765e+06 2.99765e+06 8500 400 -3.21471e-06 0 0 0 0 0 0 0 0 
594.798 0.664429 -0.758053 0 0 2.99765e+06 2.99765e+06 8500 400 -3.21528e-06 0 0 0 0 0 0 0 0 
595 0.664429 -0.758053 0 0 2.99765e+06 2.99765e+06 8500 400 -3.21548e-06 0 0 0 0 0 0 0 0 
595 0.664429 -0.758053 0 0 2.99765e+06 2.99765e+06 8500 400 -3.21509e-06 0 0 0 0 0 0 0 0 
595.208 0.664429 -0.758053 0 0 2.99765e+06 2.99765e+06 8500 400 -3.21509e-06 0 0 0 0 0 0 0 0 
595.417 0.664429 -0.758053 0 0 2.99765e+06 2.99765e+06 8500 400 -3.2149e-06 0 0 0 0 0 0 0 0 
595.625 0.664429 -0.758053 0 0 2.99765e+06 2.99765e+06 8500 400 -3.2149e-06 0 0 0 0 0 0 0 0 
595.833 0.664429 -0.758053 0 0 2.99765e+06 2.99765e+06 8500 400 -3.21509e-06 0 0 0 0 0 0 0 0 
596.042 0.664429 -0.758053 0 0 2.99765e+06 2.99765e+06 8500 400 -3.21509e-06 0 0 0 0 0 0 0 0 
596.25 0.664429 -0.758053 0 0 2.99765e+06 2.99765e+06 8500 400 -3.21509e-06 0 0 0 0 0 0 0 0 
596.458 0.664429 -0.758053 0 0 2.99765e+06 2.99765e+06 8500 400 -3.21509e-06 0 0 0 0 0 0 0 0 
596.667 0.664429 -0.758053 0 0 2.99765e+06 2.99765e+06 8500 400 -3.21509e-06 0 0 0 0 0 0 0 0 
596.875 0.664429 -0.758053 0 0 2.99765e+06 2.99765e+06 8500 400 -3.21509e-06 0 0 0 0 0 0 0 0 
597.083 0.664429 -0.758053 0 0 2.99765e+06 2.99765e+06 8500 400 -3.2149e-06 0 0 0 0 0 0 0 0 
597.292 0.664429 -0.758053 0 0 2.99765e+06 2.99765e+06 8500 400 -3.2149e-06 0 0 0 0 0 0 0 0 
597.5 0.664429 -0.758053 0 0 2.99765e+06 2.99765e+06 8500 400 -3.21509e-06 0 0 0 0 0 0 0 0 
597.708 0.664429 -0.758053 0 0 2.99765e+06 2.99765e+06 8500 400 -3.21509e-06 0 0 0 0 0 0 0 0 
597.917 0.664429 -0.758053 0 0 2.99765e+06 2.99765e+06 8500 400 -3.2149e-06 0 0 0 0 0 0 0 0 
598.125 0.664429 -0.758053 0 0 2.99765e+06 2.99765e+06 8500 400 -3.2149e-06 0 0 0 0 0 0 0 0 
598.333 0.664429 -0.758053 0 0 2.99765e+06 2.99765e+06 8500 400 -3.21509e-06 0 0 0 0 0 0 0 0 
598.542 0.664429 -0.758053 0 0 2.99765e+06 2.99765e+06 8500 400 -3.21509e-06 0 0 0 0 0 0 0 0 
598.75 0.664429 -0.758053 0 0 2.99765e+06 2.99765e+06 8500 400 -3.21509e-06 0 0 0 0 0 0 0 0 
598.958 0.664429 -0.758053 0 0 2.99765e+06 2.99765e+06 8500 400 -3.21509e-06 0 0 0 0 0 0 0 0 
599.167 0.664429 -0.758053 0 0 2.99765e+06 2.99765e+06 8500 400 -3.21509e-06 0 0 0 0 0 0 0 0 
599.375 0.664429 -0.758053 0 0 2.99765e+06 2.99765e+06 8500 400 -3.2149e-06 0 0 0 0 0 0 0 0 
599.583 0.664429 -0.758053 0 0 2.99765e+06 2.99765e+06 8500 400 -3.2147e-06 0 0 0 0 0 0 0 0 
599.792 0.664429 -0.758053 0 0 2.99765e+06 2.99765e+06 8500 400 -3.2149e-06 0 0 0 0 0 0 0 0 
600 0.664429 -0.758053 0 0 2.99765e+06 2.99765e+06 8500 400 -3.21509e-06 0 0 0 0 0 0 0 0 
600 0.496253 -0.508332 0 0 1.23137e+09 2.52149e+09 14140 340 -1.31824e-06 0 0 0 0 0 0 0 0 
600.2 0.496253 -0.508332 0 0 1.23137e+09 2.52149e+09 14140 340 3.70779e-07 0 0 0 0 0 0 0 0 
600.4 0.496253 -0.508332 0 0 1.23137e+09 2.52149e+09 14140 340 3.7492e-06 0 0 0 0 0 0 0 0 
600.6 0.496253 -0.508332 0 0 1.23137e+09 2.52149e+09 14140 340 7.12821e-06 0 0 0 0 0 0 0 0 
600.8 0.496253 -0.508332 0 0 1.23137e+09 2.52149e+09 14140 340 1.05068e-05 0 0 0 0 0 0 0 0 
601 0.496253 -0.508332 0 0 1.23137e+09 2.52149e+09 14140 340 1.38856e-05 0 0 0 0 0 0 0 0 
601.2 0.496253 -0.508332 0 0 1.23137e+09 2.52149e+09 14140 340 1.72644e-05 0 0 0 0 0 0 0 0 
601.4 0.496253 -0.508332 0 0 1.23137e+09 2.52149e+09 14140 340 2.06431e-05 0 0 0 0 0 0 0 0 
601.6 0.496253 -0.508332 0 0 1.23137e+09 2.52149e+09 14140 340 2.40219e-05 0 0 0 0 0 0 0 0 
601.8 0.496253 -0.508332 0 0 1.23137e+09 2.52149e+09 14140 340 2.74007e-05 0 0 0 0 0 0 0 0 
602 0.496253 -0.508332 0 0 1.23137e+09 2.52149e+09 14140 340 3.07793e-05 0 0 0 0 0 0 0 0 
602.2 0.496253 -0.508332 0 0 1.23137e+09 2.52149e+09 14140 340 3.41579e-05 0 0 0 0 0 0 0 0 
602.4 0.496253 -0.508332 0 0 1.23137e+09 2.52149e+09 14140 340 3.75367e-05 0 0 0 0 0 0 0 0 
602.6 0.496253 -0.508332 0 0 1.23137e+09 2.52149e+09 14140 340 4.09155e-05 0 0 0 0 0 0 0 0 
602.8 0.496253 -0.508332 0 0 1.23137e+09 2.52149e+09 14140 340 4.42944e-05 0 0 0 0 0 0 0 0 
603 0.496253 -0.508332 0 0 1.23137e+09 2.52149e+09 14140 340 4.76732e-05 0 0 0 0 0 0 0 0 
603.2 0.496253 -0.508332 0 0 1.23137e+09 2.52149e+09 14140 340 5.10518e-05 0 0 0 0 0 0 0 0 
603.4 0.496253 -0.508332 0 0 1.23137e+09 2.52149e+09 14140 340 5.44304e-05 0 0 0 0 0 0 0 0 
603.6 0.496253 -0.508332 0 0 1.23137e+09 2.52149e+09 14140 340 5.78094e-05 0 0 0 0 0 0 0 0 
603.8 0.496253 -0.508332 0 0 1.23137e+09 2.52149e+09 14140 340 6.1188e-05 0 0 0 0 0 0 0 0 
604 0.496253 -0.508332 0 0 1.23137e+09 2.52149e+09 14140 340 6.45666e-05 0 0 0 0 0 0 0 0 
604.2 0.496253 -0.508332 0 0 1.23137e+09 2.52149e+09 14140 340 6.79456e-05 0 0 0 0 0 0 0 0 
604.4 0.496253 -0.508332 0 0 1.23137e+09 2.52149e+09 14140 340 7.13243e-05 0 0 0 0 0 0 0 0 
604.6 0.496253 -0.508332 0 0 1.23137e+09 2.52149e+09 14140 340 7.47027e-05 0 0 0 0 0 0 0 0 
604.8 0.496253 -0.508332 0 0 1.23137e+09 2.52149e+09 14140 340 7.80817e-05 0 0 0 0 0 0 0 0 
605 0.496253 -0.508332 0 0 1.23137e+09 2.52149e+09 14140 340 8.14605e-05 0 0 0 0 0 0 0 0 
605.2 0.496253 -0.508332 0 0 1.23137e+09 2.52149e+09 14140 340 8.48393e-05 0 0 0 0 0 0 0 0 
605.4 0.496253 -0.508332 0 0 1.23137e+09 2.52149e+09 14140 340 8.82179e-05 0 0 0 0 0 0 0 0 
605.6 0.496253 -0.508332 0 0 1.23137e+09 2.52149e+09 14140 340 9.15967e-05 0 0 0 0 0 0 0 0 
605.8 0.496253 -0.508332 0 0 1.23137e+09 2.52149e+09 14140 340 9.49757e-05 0 0 0 0 0 0 0 0 
606 0.496253 -0.508332 0 0 1.23137e+09 2.52149e+09 14140 340 9.83544e-05 0 0 0 0 0 0 0 0 
606.2 0.496253 -0.508332 0 0 1.23137e+09 2.52149e+09 14140 340 0.000101733 0 0 0 0 0 0 0 0 
606.4 0.496253 -0.508332 0 0 1.23137e+09 2.52149e+09 14140 340 0.000105112 0 0 0 0 0 0 0 0 
606.6 0.496253 -0.508332 0 0 1.23137e+09 2.52149e+09 14140 340 0.00010849 0 0 0 0 0 0 0 0 
606.8 0.496253 -0.508332 0 0 1.23137e+09 2.52149e+09 14140 340 0.000111869 0 0 0 0 0 0 0 0 
607 0.496253 -0.508332 0 0 1.23137e+09 2.52149e+09 14140 340 0.000115248 0 0 0 0 0 0 0 0 
607.2 0.496253 -0.508332 0 0 1.23137e+09 2.52149e+09 14140 340 0.000118627 0 0 0 0 0 0 0 0 
607.4 0.496253 -0.508332 0 0 1.23137e+09 2.52149e+09 14140 340 0.000122005 0 0 0 0 0 0 0 0 
607.6 0.496253 -0.508332 0 0 1.23137e+09 2.52149e+09 14140 340 0.000125384 0 0 0 0 0 0 0 0 
607.8 0.496253 -0.508332 0 0 1.23137e+09 2.52149e+09 14140 340 0.000128763 0 0 0 0 0 0 0 0 
608 0.496253 -0.508332 0 0 1.23137e+09 2.52149e+09 14140 340 0.000130452 0 0 0 0 0 0 0 0 
608 0.664429 -0.758053 0 0 2.99765e+06 2.99765e+06 8500 400 0.000141217 0 0 0 0 0 0 0 0 
608.208 0.664429 -0.758053 0 0 2.99765e+06 2.99765e+06 8500 400 0.000141217 0 0 0 0 0 0 0 0 
608.417 0.664429 -0.758053 0 0 2.99765e+06 2.99765e+06 8500 400 0.000141217 0 0 0 0 0 0 0 0 
608.625 0.664429 -0.758053 0 0 2.99765e+06 2.99765e+06 8500 400 0.000141217 0 0 0 0 0 0 0 0 
608.833 0.664429 -0.758053 0 0 2.99765e+06 2.99765e+06 8500 400 0.000141217 0 0 0 0 0 0 0 0 
609.042 0.664429 -0.758053 0 0 2.99765e+06 2.99765e+06 8500 400 0.000141217 0 0 0 0 0 0 0 0 
609.25 0.664429 -0.758053 0 0 2.99765e+06 2.99765e+06 8500 400 0.000141217 0 0 0 0 0 0 0 0 
609.458 0.664429 -0.758053 0 0 2.99765e+06 2.99765e+06 8500 400 0.000141217 0 0 0 0 0 0 0 0 
609.667 0.664429 -0.758053 0 0 2.99765e+06 2.99765e+06 8500 400 0.000141217 0 0 0 0 0 0 0 0 
609.875 0.664429 -0.758053 0 0 2.99765e+06 2.99765e+06 8500 400 0.000141217 0 0 0 0 0 0 0 0 
610.083 0.664429 -0.758053 0 0 2.99765e+06 2.99765e+06 8500 400 0.000141217 0 0 0 0 0 0 0 0 
610.292 0.664429 -0.758053 0 0 2.99765e+06 2.99765e+06 8500 400 0.000141217 0 0 0 0 0 0 0 0 
610.5 0.664429 -0.758053 0 0 2.99765e+06 2.99765e+06 8500 400 0.000141217 0 0 0 0 0 0 0 0 
610.708 0.664429 -0.758053 0 0 2.99765e+06 2.99765e+06 8500 400 0.000141217 0 0 0 0 0 0 0 0 
610.917 0.664429 -0.758053 0 0 2.99765e+06 2.99765e+06 8500 400 0.000141217 0 0 0 0 0 0 0 0 
611.125 0.664429 -0.758053 0 0 2.99765e+06 2.99765e+06 8500 400 0.000141217 0 0 0 0 0 0 0 0 
611.333 0.664429 -0.758053 0 0 2.99765e+06 2.99765e+06 8500 400 0.000141217 0 0 0 0 0 0 0 0 
611.542 0.664429 -0.758053 0 0 2.99765e+06 2.99765e+06 8500 400 0.000141217 0 0 0 0 0 0 0 0 
611.75 0.664429 -0.758053 0 0 2.99765e+06 2.99765e+06 8500 400 0.000141217 0 0 0 0 0 0 0 0 
611.958 0.664429 -0.758053 0 0 2.99765e+06 2.99765e+06 8500 400 0.000141217 0 0 0 0 0 0 0 0 
612.167 0.664429 -0.758053 0 0 2.99765e+06 2.99765e+06 8500 400 0.000141217 0 0 0 0 0 0 0 0 
612.375 0.664429 -0.758053 0 0 2.99765e+06 2.99765e+06 8500 400 0.000141217 0 0 0 0 0 0 0 0 
612.583 0.664429 -0.758053 0 0 2.99765e+06 2.99765e+06 8500 400 0.000141217 0 0 0 0 0 0 0 0 
612.792 0.664429 -0.758053 0 0 2.99765e+06 2.99765e+06 8500 400 0.000141217 0 0 0 0 0 0 0 0 
613 0.664429 -0.758053 0 0 2.99765e+06 2.99765e+06 8500 400 0.000141217 0 0 0 0 0 0 0 0 
613 0.664429 -0.758053 0 0 2.99765e+06 2.99765e+06 8500 400 0.000141217 0 0 0 0 0 0 0 0 
613.257 0.664429 -0.758053 0 0 2.99765e+06 2.99765e+06 8500 400 0.000141217 0 0 0 0 0 0 0 0 
613.599 0.664429 -0.758053 0 0 2.99765e+06 2.99765e+06 8500 400 0.000141217 0 0 0 0 0 0 0 0 
614.055 0.664429 -0.758053 0 0 2.99765e+06 2.99765e+06 8500 400 0.000141217 0 0 0 0 0 0 0 0 
614.663 0.664429 -0.758053 0 0 2.99765e+06 2.99765e+06 8500 400 0.000141217 0 0 0 0 0 0 0 0 
615.475 0.664429 -0.758053 0 0 2.99765e+06 2.99765e+06 8500 400 0.000141217 0 0 0 0 0 0 0 0 
616.557 0.664429 -0.758053 0 0 2.99765e+06 2.99765e+06 8500 400 0.000141217 0 0 0 0 0 0 0 0 
618 0.664429 -0.758053 0 0 2.99765e+06 2.99765e+06 8500 400 0.000141217 0 0 0 0 0 0 0 0 