# This file was generated by TiberCAD (GraceIO.C)
# Stores 1D nodal data in format suitable for Grace
# x	state_number_0	state_number_1	state_number_2	state_number_3	state_number_4	state_number_5	state_number_6	state_number_7	state_number_8	state_number_9	state_number_10	state_number_11	state_number_12	state_number_13	state_number_14	state_number_15	state_number_16	state_number_17	state_number_18	state_number_19
0	-0.4042889399	-0.4055148005	-0.4795203969	-0.481976756	-0.6514005225	-0.6516197598	-0.7936930165	-0.7959153916	-0.9621370695	-0.9637730731	0.4568797432	0.4579250648	0.8514642813	0.8534584271	1.083047998	1.086610606	1.796343958	1.80351258	1.818085832	1.820497988	
0.02030663408	-0.402459503	-0.4036445802	-0.4798301754	-0.4823773538	-0.6511476808	-0.6514620609	-0.7894363836	-0.791731244	-0.9580899317	-0.9597763964	0.4435267261	0.444572576	0.8458980973	0.8480659907	1.075561025	1.078881144	1.795700473	1.802292556	1.816295362	1.818746643	
0.04061326816	-0.4006019496	-0.4017405167	-0.4801537549	-0.4827826069	-0.6511311366	-0.6515248159	-0.785277884	-0.7876209889	-0.9541069996	-0.9558373267	0.4301873294	0.4312138274	0.8405098268	0.8428232442	1.067999622	1.071272307	1.79267717	1.801163175	1.81455108	1.817143774	
0.06091990225	-0.3987147789	-0.3998053752	-0.4804765323	-0.4831783346	-0.6513477633	-0.6518059728	-0.7812240811	-0.7835882988	-0.9501992296	-0.9519577705	0.416861196	0.4178325815	0.8352773166	0.8377344159	1.060536372	1.063780887	1.795750525	1.796114996	1.814473169	1.812362208	
0.08122653633	-0.3967971674	-0.39784187	-0.4807833926	-0.4835500181	-0.6517934524	-0.6523034593	-0.7772805316	-0.7796375989	-0.946370067	-0.948136166	0.403547992	0.4044166668	0.8301929808	0.8327967652	1.053198437	1.056409581	1.794991908	1.795338872	1.812754897	1.810661062	
0.1015331704	-0.3948488968	-0.3958526093	-0.4810590578	-0.4838829306	-0.6524635661	-0.6530153256	-0.7734520058	-0.77577404	-0.9426180734	-0.9443696685	0.3902473626	0.390962097	0.8252860315	0.828006283	1.046007966	1.049161003	1.794212756	1.794629731	1.811093471	1.809073262	
0.1218398045	-0.3928702904	-0.3938400567	-0.4812885137	-0.4841623057	-0.6533529478	-0.6539398402	-0.7697425944	-0.7720039603	-0.9389417113	-0.9406565129	0.3769587463	0.3774757309	0.8217039736	0.8228822816	1.039738412	1.042089307	1.79490001	1.793941501	1.809485114	1.807567187	
0.1421464386	-0.3908622048	-0.3918065174	-0.4814574177	-0.484373505	-0.6544558495	-0.6550754671	-0.7661556341	-0.7683351082	-0.935340567	-0.9369973288	0.3636802966	0.3639764882	0.8172383181	0.820174533	1.033497819	1.034968934	1.794097782	1.793348062	1.807907239	1.806043429	
0.1624530727	-0.3888260674	-0.3897541529	-0.4815523307	-0.4845021284	-0.6557658946	-0.6564206524	-0.7626934402	-0.7647761384	-0.9318144138	-0.9333953248	0.3503944848	0.350506972	0.812914782	0.8159251648	1.026677094	1.02812963	1.792974173	1.792754049	1.806394275	1.804579792	
0.1827597067	-0.3867639259	-0.3876850131	-0.4815606478	-0.4845340298	-0.6572760874	-0.6579733826	-0.7593569002	-0.7613353131	-0.9283613431	-0.9298553174	0.3370017059	0.3371943051	0.8087291476	0.8117385602	1.01996236	1.021425286	1.791347095	1.792222592	1.804930115	1.80304036	
0.2030663408	-0.3846784568	-0.3856010624	-0.4814702404	-0.484455261	-0.6589788294	-0.6597305509	-0.7561450766	-0.7580188678	-0.9249760497	-0.9263816945	0.3236115907	0.3239522063	0.8046774234	0.8075980283	1.013315169	1.014858363	1.790223449	1.79167267	1.803511247	1.801498031	
0.2233729749	-0.3825728905	-0.3835041709	-0.4812689665	-0.4842520033	-0.6608659009	-0.6616872707	-0.7530550201	-0.7548297262	-0.9216499684	-0.9229759705	0.3102901272	0.310729035	0.8007558624	0.8034970288	1.006453866	1.00843188	1.799299213	1.79216004	1.801109569	1.803430044	
0.243679609	-0.3804508233	-0.3813960587	-0.4809442989	-0.4839105599	-0.6629283769	-0.6638363183	-0.7500819275	-0.7517669424	-0.9183738781	-0.9196352764	0.2970448819	0.2975216838	0.796961061	0.7994377116	1.00002644	1.002148588	1.796740637	1.791487614	1.799903899	1.80168067	
0.2639862431	-0.3783159226	-0.3792782052	-0.4804833233	-0.4834174579	-0.6651564547	-0.6661678189	-0.7472195911	-0.74882572	-0.9151405012	-0.916352514	0.2838730369	0.284330374	0.7932900591	0.7954262371	0.9943383923	0.9960092347	1.796118595	1.791111834	1.798853607	1.80017808	
0.2842928771	-0.3761715665	-0.3771517483	-0.4798731681	-0.4827596588	-0.6675391832	-0.6686691037	-0.7444608944	-0.7459975092	-0.9119472233	-0.9131195113	0.2707674356	0.2711561737	0.7897404171	0.7914696918	0.9884995063	0.9900163834	1.790982805	1.790423463	1.798011206	1.798428843	
0.3045995112	-0.3740204919	-0.3750173944	-0.4791016313	-0.4819248205	-0.670064118	-0.6713244633	-0.7417980805	-0.7432696072	-0.9087941992	-0.9099291345	0.2577174114	0.258000966	0.7863103673	0.787579867	0.9827443731	0.9841723238	1.784143309	1.789589299	1.79681055	1.797831592	
0.3249061453	-0.3718645198	-0.372875347	-0.4781576392	-0.4809015366	-0.6727170245	-0.6741145676	-0.7392227611	-0.7406237772	-0.9056817312	-0.906775434	0.2447049081	0.2448689937	0.7829992162	0.7837835114	0.9771220097	0.9784786179	1.791079485	1.789261474	1.795616017	1.796997137	
0.3452127794	-0.3697043999	-0.370725246	-0.477031322	-0.4796795176	-0.6754819583	-0.6770159627	-0.7367261134	-0.7380340192	-0.9026094754	-0.903653852	0.2316906675	0.2317791562	0.7798083268	0.7801302024	0.9717976476	0.9711824058	1.781805155	1.791469311	1.797026346	1.793163115	
0.3655194135	-0.3675397661	-0.3685661112	-0.4757137552	-0.4782497259	-0.6783423286	-0.6800020644	-0.7342999518	-0.7354663326	-0.8995765427	-0.9005618392	0.2186288819	0.2187544413	0.7767433172	0.7766860927	0.9663700866	0.9657077037	1.780273037	1.791099258	1.796064152	1.792188307	
0.3858260476	-0.3653691568	-0.3663962776	-0.4741965727	-0.4766045016	-0.6812833982	-0.6830468937	-0.7319388309	-0.732893148	-0.8965826462	-0.89750037	0.2055674576	0.2057317182	0.7738183252	0.7735098005	0.9610637894	0.9604278946	1.779401403	1.790566093	1.795165953	1.791352284	
0.4061326816	-0.3631900292	-0.3642133174	-0.4724716234	-0.4747376999	-0.6842941994	-0.6861300226	-0.7296428913	-0.7303613289	-0.8936308448	-0.8944769467	0.1925299059	0.1926897935	0.7710614912	0.7706213027	0.9558955774	0.9553344192	1.779239382	1.78980059	1.794338438	1.790716756	
0.4264393157	-0.3609987111	-0.3620139445	-0.4705307289	-0.4726448189	-0.6873602133	-0.6892383157	-0.7274165403	-0.7280202468	-0.8907429237	-0.8915162964	0.1795213039	0.179644422	0.7684835174	0.767988642	0.9508115975	0.9504202049	1.779577815	1.788918007	1.793588511	1.79016843	
0.4467459498	-0.3587902917	-0.3597939018	-0.4683656763	-0.4703230781	-0.6904571232	-0.6923629674	-0.7252577678	-0.7256708453	-0.8877912239	-0.888549926	0.1665410322	0.1666250567	0.7661091539	0.7655485606	0.94571751	0.9456684277	1.781383795	1.788115003	1.792925979	1.789599443	
0.4670525839	-0.3565585074	-0.3575478364	-0.4659688995	-0.4677714789	-0.6935516615	-0.6954958728	-0.7231927376	-0.7226418388	-0.8849893008	-0.8857147738	0.1535799004	0.153664817	0.7636400816	0.7632460147	0.9409204946	0.9411174329	1.78010568	1.787083755	1.792351813	1.789020347	
0.487359218	-0.354295714	-0.3552691685	-0.4633352388	-0.4649910304	-0.6966042665	-0.6986273215	-0.7212619924	-0.7205577743	-0.882268338	-0.8829549421	0.1406435666	0.1407726235	0.7607175385	0.7610591427	0.936285233	0.9367232609	1.78114973	1.78609355	1.791845328	1.788389461	
0.5076658521	-0.3519930872	-0.3529499697	-0.4604643024	-0.4619853541	-0.69956248	-0.7017386356	-0.7195147991	-0.7185552735	-0.8794460283	-0.8802175687	0.1277501304	0.1279408588	0.7563793493	0.7589945917	0.9334610201	0.9347763849	1.781699489	1.78597096	1.791063047	1.787246077	
0.5279724861	-0.3496411775	-0.3505808592	-0.4573622369	-0.4587616563	-0.7023168177	-0.7047739004	-0.718039547	-0.7166394808	-0.8769129496	-0.8775429718	0.1149128559	0.115171587	0.75426045	0.7570620239	0.9294679547	0.9306980698	1.781216774	1.78532387	1.790663248	1.786635215	
0.5482791202	-0.3472306187	-0.3481509151	-0.4540421392	-0.4553317411	-0.7046244494	-0.7075747969	-0.7170447996	-0.7150878661	-0.8744200977	-0.8749045437	0.1021508461	0.1024716154	0.752102043	0.7552472512	0.9253847054	0.926758874	1.780916666	1.784745754	1.790287184	1.786033968	
0.5685857543	-0.3447522195	-0.3456475707	-0.4505233872	-0.4517126591	-0.7060326512	-0.7093985434	-0.7168641695	-0.7148124213	-0.8719816857	-0.8723352212	0.08948970673	0.08984984024	0.7503369922	0.7535047519	0.9213606516	0.922959167	1.780882046	1.78425391	1.78992657	1.785447412	
0.5888923884	-0.342195559	-0.3430564942	-0.446830679	-0.4479268456	-0.706276463	-0.708985014	-0.717811548	-0.7161961471	-0.8697711122	-0.869971551	0.07695330594	0.07731685692	0.7487826388	0.7517773256	0.9174867755	0.9192978149	1.781049591	1.783846618	1.789586542	1.784900271	
0.6091990225	-0.3395463044	-0.3403615254	-0.4429933335	-0.4440019039	-0.7056113415	-0.7074921398	-0.7197149515	-0.718615723	-0.8673900924	-0.8677623148	0.06455522563	0.06488506335	0.7472956005	0.7500287912	0.9135695164	0.9157716034	1.781407288	1.783502011	1.789270907	1.784413665	
0.6295056565	-0.3367845323	-0.3375448285	-0.4390449489	-0.439970274	-0.7044588969	-0.7058085053	-0.7221414157	-0.7214721595	-0.8650434903	-0.8652266605	0.05229800186	0.0525689225	0.7459661511	0.748263813	0.9098281443	0.9123753978	1.781882756	1.783233457	1.788944157	1.783957822	
0.6498122906	-0.3338865271	-0.3345874274	-0.4350232302	-0.4358688964	-0.7030791385	-0.7041356222	-0.7248188548	-0.7244252366	-0.8627692797	-0.8635035108	0.04018164643	0.04038534821	0.7447196634	0.7465176199	0.9063335223	0.9091029114	1.782194481	1.783209352	1.788629202	1.783518445	
0.6701189247	-0.3308288207	-0.331470174	-0.4309697033	-0.4317387674	-0.7015908446	-0.7025442172	-0.7276627568	-0.7273662846	-0.8605797395	-0.8610746009	0.02821284693	0.0283542579	0.743489627	0.7448292544	0.9030641785	0.9059489071	1.782112319	1.778048668	1.783339015	1.783053486	
0.6904255588	-0.3275911566	-0.3281750931	-0.4269290783	-0.4276241849	-0.7000539076	-0.7010595073	-0.7306786792	-0.7301779126	-0.8584896047	-0.8590984253	0.01640670579	0.01649931887	0.7422622844	0.7432287749	0.9001179955	0.9029143939	1.781825944	1.777273938	1.783044262	1.782612498	
0.7107321929	-0.3241578222	-0.3246871208	-0.4229481617	-0.4235715794	-0.6985144945	-0.6996587697	-0.7333642171	-0.7328699381	-0.8565072193	-0.8574068865	0.004784275784	0.004848159375	0.7410793385	0.7417456687	0.8974644742	0.9000124205	1.780447739	1.783810179	1.784265367	1.781626598	
0.731038827	-0.3205189503	-0.3209963203	-0.41907438	-0.4196279524	-0.6970107286	-0.6982822198	-0.7356539572	-0.7354483621	-0.8546311743	-0.8558712007	-0.006623579993	-0.006569842105	0.7399469334	0.7404123538	0.894887606	0.8972544884	1.780447404	1.776128248	1.782477928	1.781692925	
0.751345461	-0.3166727591	-0.3171005938	-0.4153540712	-0.4158390314	-0.6955712041	-0.6968854522	-0.7383360386	-0.7378993584	-0.8528602202	-0.8539592537	-0.01777114291	-0.01771955463	0.7388931606	0.7392292088	0.8925087896	0.8945942887	1.780102745	1.784973257	1.787666476	1.779995247	
0.7716520951	-0.3126284357	-0.3130087765	-0.4118305673	-0.4122473455	-0.6942189031	-0.6954993472	-0.7408340778	-0.7402097761	-0.8512167359	-0.8522836131	-0.02860239185	-0.02855173729	0.7379284249	0.7381267123	0.8904030751	0.8918844708	1.779861875	1.785247501	1.78702011	1.779693376	
0.7919587292	-0.3084091211	-0.3087439184	-0.4085421144	-0.4088905312	-0.6929732537	-0.694205424	-0.7426285458	-0.7423703264	-0.8497210154	-0.8507962254	-0.03905453894	-0.03900788534	0.7370500251	0.7369967893	0.88854512	0.8889292264	1.779485718	1.77290618	1.781324804	1.778972123	
0.8122653633	-0.3040549453	-0.304346523	-0.4055199617	-0.4058002054	-0.6918469872	-0.6930655073	-0.7446250965	-0.7443703094	-0.8483894882	-0.8494296732	-0.04906168585	-0.04902014866	0.7362559613	0.7357651867	0.8869017489	0.8856280193	1.779486239	1.785830272	1.785899673	1.779151445	
0.8325719974	-0.2996259548	-0.29987749	-0.4027867217	-0.4030015519	-0.6908402929	-0.6920792641	-0.7465410246	-0.7461972505	-0.8472306656	-0.8481818289	-0.05855043042	-0.05850976502	0.7355451145	0.7345039195	0.8854454252	0.8822835417	1.779256617	1.78628789	1.785366907	1.77895456	
0.8528786314	-0.2952046439	-0.2954204816	-0.4003559357	-0.4005135674	-0.6899423061	-0.6911718091	-0.7483496121	-0.7478374461	-0.8462359049	-0.8470366609	-0.06742792893	-0.06738829761	0.7349158168	0.7335372305	0.8841523613	0.8798401409	1.778990238	1.786671178	1.784905251	1.778802932	
0.8731852655	-0.2908979385	-0.2910833228	-0.3982353381	-0.3983503179	-0.6891504995	-0.6902783779	-0.7499827481	-0.7492809145	-0.845389823	-0.8459845878	-0.07557918959	-0.0755446997	0.7343647567	0.7331375538	0.88300082	0.879019528	1.778632229	1.786727664	1.78445633	1.77872091	
0.8934918996	-0.2868378511	-0.286997674	-0.3964297316	-0.3965229559	-0.6884891719	-0.6894466476	-0.7512547316	-0.7505249067	-0.8446944856	-0.8450282737	-0.08287006084	-0.08284091321	0.7338852249	0.7331071995	0.8819734311	0.8792802282	1.778151158	1.786486788	1.783991813	1.778647612	
0.9137985337	-0.283177291	-0.2833157235	-0.3949398205	-0.395037992	-0.6879711321	-0.6887608908	-0.751971816	-0.7515707697	-0.8442760605	-0.8440739549	-0.08915056144	-0.08912617837	0.7334649237	0.7331069259	0.8810696651	0.87966359	1.777469267	1.786141278	1.783518116	1.778612894	
0.9341051678	-0.2800701268	-0.2802022943	-0.3937627188	-0.3938904795	-0.6875667916	-0.6882621923	-0.7522681027	-0.7524256091	-0.8440452024	-0.84331051	-0.09426312509	-0.0942438269	0.7330886961	0.7329252102	0.880354928	0.8796032855	1.776576332	1.785566932	1.783046887	1.778599181	
0.9544118019	-0.2776414366	-0.2778208698	-0.3928813573	-0.3930639701	-0.6872726127	-0.687967294	-0.7525224103	-0.7531080678	-0.8444188824	-0.842665662	-0.09805397121	-0.09803968462	0.7326908704	0.7323037325	0.8801338038	0.8786499575	1.781957085	1.777843627	1.781217268	1.778480143	
0.9747184359	-0.2761838496	-0.2763136013	-0.3922117853	-0.3925363315	-0.6867813365	-0.6878858893	-0.7536815993	-0.753579726	-0.8442816915	-0.8427369005	-0.1003902436	-0.1003778753	0.7319557071	0.7317546753	0.8814784897	0.8768733824	1.779011113	1.77552347	1.781435937	1.778473877	
0.99502507	-0.2758322395	-0.2757787	-0.3920928578	-0.3922664428	-0.6867992153	-0.6872236834	-0.7544870891	-0.7531939285	-0.8433463643	-0.8444783591	-0.1011817018	-0.1011895066	0.7305732659	0.7342205697	0.878603236	0.8828171619	1.781339379	1.776896405	1.778524205	1.776223361	
1.068460517	-0.2758607887	-0.27580621	-0.4007900975	-0.4007486585	-0.6837055858	-0.6839895238	-0.7583814409	-0.761098952	-0.8430656956	-0.8430617407	-0.09142877189	-0.09139047649	0.7141583633	0.7157979181	0.8993480926	0.9012042131	1.726042725	1.727115158	1.826175899	1.827011496	
1.141895964	-0.2759079484	-0.2758971374	-0.4231245859	-0.4231525193	-0.6757216578	-0.6763229563	-0.7723849938	-0.7710870577	-0.8382615839	-0.8392269677	-0.06518103865	-0.06518930604	0.6748322401	0.6753236249	0.9394661535	0.9416222978	1.675037904	1.67810121	1.883297607	1.882002969	
1.215331411	-0.2760838429	-0.27604605	-0.4537862478	-0.4534808315	-0.6672761023	-0.6672851103	-0.7886468276	-0.7888345815	-0.8317079292	-0.8313399726	-0.02820154076	-0.02815363897	0.6249803386	0.6274753677	0.9885370762	0.9892718315	1.624802988	1.624461289	1.93238826	1.928330501	
1.288766858	-0.2762477992	-0.2762369542	-0.4869408574	-0.4867209807	-0.6576262815	-0.658560836	-0.8104797358	-0.8083735026	-0.8215917857	-0.8222480213	0.01486382581	0.01478917008	0.5760529656	0.5769475242	1.040404335	1.039475054	1.573777368	1.574505412	1.984426886	1.982539193	
1.362202305	-0.2765774295	-0.2764486609	-0.5192163743	-0.5193920674	-0.6503869259	-0.6509276465	-0.8315966269	-0.8316332997	-0.8104265329	-0.8097154364	0.06096335434	0.06077921095	0.5261843179	0.5258461329	1.089849113	1.090010499	1.52010165	1.521588174	2.034852455	2.032559066	
1.435637752	-0.2766610343	-0.2766589181	-0.5494405737	-0.5488817946	-0.6443660833	-0.6447467722	-0.85552869	-0.8555030962	-0.798435192	-0.798294394	0.1077797897	0.1072521233	0.475462636	0.4757437165	1.142547952	1.142194956	1.471626128	1.472377243	2.084624749	2.083839339	
1.509073199	-0.2769266296	-0.2768469632	-0.5713306634	-0.5728473519	-0.6403323236	-0.6401533639	-0.8820039586	-0.8812947411	-0.7876829947	-0.7880173419	0.1525239996	0.1522756988	0.4281278569	0.428968305	1.189758382	1.192680728	1.421560201	1.421948878	2.134318905	2.135172362	
1.582508646	-0.2769571177	-0.2769958238	-0.5877714708	-0.588856702	-0.6367932171	-0.6372219564	-0.9088675925	-0.9075626374	-0.7800360603	-0.7793186022	0.1894874126	0.1892805312	0.3905912928	0.3909343052	1.236358256	1.23921785	1.375022394	1.37545758	2.183482813	2.179009541	
1.655944092	-0.2771189734	-0.2770943663	-0.5936271589	-0.5946203217	-0.6363862071	-0.6361548383	-0.9275656015	-0.9274315448	-0.7771839577	-0.7770737143	0.2055725162	0.2053574907	0.3737284254	0.3745294374	1.267121615	1.266697389	1.346068854	1.345442922	2.221293398	2.220657632	
