# ASCII 1D datafile generated by TiberCAD
# 1 x
# 2 ProbabilityDensity_0
# 3 ProbabilityDensity_1
# 4 ProbabilityDensity_2
# 5 ProbabilityDensity_3
# 6 ProbabilityDensity_4
# 7 ProbabilityDensity_5
# 8 ProbabilityDensity_6
# 9 ProbabilityDensity_7
# 10 ProbabilityDensity_8
# 11 ProbabilityDensity_9
# 12 ProbabilityDensity_10
# 13 ProbabilityDensity_11
# 14 ProbabilityDensity_12
# 15 ProbabilityDensity_13
# 16 ProbabilityDensity_14
# 17 ProbabilityDensity_15
# 18 ProbabilityDensity_16
# 19 ProbabilityDensity_17
# 20 ProbabilityDensity_18
# 21 ProbabilityDensity_19
# 22 ProbabilityDensity_20
# 23 ProbabilityDensity_21
# 24 eDensity
# 25 hDensity
# x ProbabilityDensity_0 ProbabilityDensity_1 ProbabilityDensity_2 ProbabilityDensity_3 ProbabilityDensity_4 ProbabilityDensity_5 ProbabilityDensity_6 ProbabilityDensity_7 ProbabilityDensity_8 ProbabilityDensity_9 ProbabilityDensity_10 ProbabilityDensity_11 ProbabilityDensity_12 ProbabilityDensity_13 ProbabilityDensity_14 ProbabilityDensity_15 ProbabilityDensity_16 ProbabilityDensity_17 ProbabilityDensity_18 ProbabilityDensity_19 ProbabilityDensity_20 ProbabilityDensity_21 eDensity hDensity 
-4.97011e-34 4.11549e+06 4.05941e+06 2.73529e+06 2.80183e+06 37053.1 38314.5 2.50707e+06 2.39472e+06 2.95407e+06 3.14901e+06 538274 1.50609e+06 1.51841e+06 1.62025e+06 1.72299e+06 2.16815e+06 2.39987e+06 1.24606e+06 1.83642e+06 2.16867e+06 2.53029e+06 1.86494e+06 1.59831e+18 4.98802e+13 
0.1 5.062e+06 5.00967e+06 2.85659e+06 2.91665e+06 115085 116903 2.0974e+06 2.00618e+06 3.49553e+06 3.67375e+06 466633 1.11033e+06 1.12287e+06 1.49764e+06 1.5758e+06 2.09729e+06 2.30399e+06 1.68994e+06 2.49716e+06 2.20511e+06 2.83794e+06 3.96398e+06 1.18014e+18 6.13117e+13 
0.2 5.93293e+06 5.88914e+06 3.0415e+06 3.08648e+06 222374 224013 1.55361e+06 1.47743e+06 4.03389e+06 4.16643e+06 455721 944170 950399 1.42717e+06 1.46452e+06 2.23344e+06 2.27924e+06 2.25654e+06 3.06197e+06 2.038e+06 2.70152e+06 5.20799e+06 1.0012e+18 7.18794e+13 
0.3 6.67367e+06 6.63706e+06 3.21289e+06 3.2436e+06 340093 341600 970089 909662 4.50891e+06 4.58902e+06 462770 857916 861122 1.35432e+06 1.38132e+06 2.33774e+06 2.28349e+06 2.86071e+06 3.47714e+06 1.78651e+06 2.301e+06 5.07648e+06 9.08436e+17 8.08706e+13 
0.4 7.23766e+06 7.21411e+06 3.3364e+06 3.36435e+06 448982 449880 457357 422227 4.88115e+06 4.91114e+06 476108 810005 811198 1.30468e+06 1.32289e+06 2.33283e+06 2.29683e+06 3.45421e+06 3.71546e+06 1.62575e+06 1.92881e+06 3.63899e+06 8.56735e+17 8.7761e+13 
0.5 7.58932e+06 7.58549e+06 3.40604e+06 3.43891e+06 530725 530756 111431 102292 5.1168e+06 5.11111e+06 492719 787605 785140 1.28168e+06 1.28918e+06 2.34949e+06 2.30756e+06 3.93491e+06 3.76434e+06 1.59813e+06 1.60317e+06 1.95093e+06 8.31129e+17 9.21256e+13 
0.6 7.70631e+06 7.72541e+06 3.42767e+06 3.46293e+06 571235 570398 1116.83 954.66 5.23122e+06 5.17582e+06 501410 783043 777397 1.28562e+06 1.28002e+06 2.41511e+06 2.31194e+06 4.19453e+06 3.6336e+06 1.72362e+06 1.43625e+06 1.06807e+06 8.24628e+17 9.36753e+13 
0.7 7.58089e+06 7.61358e+06 3.39872e+06 3.43519e+06 562793 561965 150153 147323 5.17603e+06 5.09973e+06 503545 788731 786576 1.3067e+06 1.29502e+06 2.38804e+06 2.31055e+06 4.2023e+06 3.35126e+06 2.03194e+06 1.50817e+06 1.53855e+06 8.32483e+17 9.22415e+13 
0.8 7.22057e+06 7.26635e+06 3.32729e+06 3.35684e+06 507666 506760 532132 526828 4.9722e+06 4.88827e+06 498475 811336 814062 1.34897e+06 1.33456e+06 2.31719e+06 2.30549e+06 4.00601e+06 2.96294e+06 2.43227e+06 1.72782e+06 3.0548e+06 8.58951e+17 8.79686e+13 
0.9 6.64757e+06 6.70299e+06 3.21725e+06 3.23216e+06 415697 414174 1.07776e+06 1.071e+06 4.64703e+06 4.55703e+06 487465 863573 865407 1.42337e+06 1.39872e+06 2.31324e+06 2.29913e+06 3.55226e+06 2.5329e+06 2.79389e+06 2.09563e+06 4.72034e+06 9.1369e+17 8.11071e+13 
1 5.89759e+06 5.9545e+06 3.0746e+06 3.07114e+06 301952 300000 1.69034e+06 1.68135e+06 4.21079e+06 4.12736e+06 477827 959808 956120 1.52117e+06 1.48831e+06 2.35541e+06 2.29904e+06 2.9353e+06 2.12332e+06 3.09359e+06 2.50842e+06 5.43272e+06 1.01249e+18 7.20603e+13 
1.1 5.01764e+06 5.07044e+06 2.90734e+06 2.89797e+06 185403 183516 2.25662e+06 2.25112e+06 3.69794e+06 3.62764e+06 478972 1.13334e+06 1.13018e+06 1.63621e+06 1.60705e+06 2.35983e+06 2.32672e+06 2.26627e+06 1.79026e+06 3.23911e+06 2.73696e+06 4.57821e+06 1.19617e+18 6.14126e+13 
1.2 4.06315e+06 4.10935e+06 2.79312e+06 2.78202e+06 85837 84541 2.67452e+06 2.65191e+06 3.15865e+06 3.09701e+06 539353 1.52523e+06 1.52836e+06 1.79158e+06 1.76542e+06 2.39761e+06 2.43006e+06 1.62161e+06 1.55107e+06 2.86019e+06 2.70224e+06 2.46148e+06 1.61369e+18 4.98689e+13 
1.2 4.06315e+06 4.10935e+06 2.79312e+06 2.78202e+06 85837 84541 2.67452e+06 2.65191e+06 3.15865e+06 3.09701e+06 539353 1.52523e+06 1.52836e+06 1.79158e+06 1.76542e+06 2.39761e+06 2.43006e+06 1.62161e+06 1.55107e+06 2.86019e+06 2.70224e+06 2.46148e+06 1.61369e+18 4.98689e+13 
1.2987 2.84661e+06 2.86655e+06 2.48367e+06 2.47837e+06 5608.7 5461.33 3.12383e+06 3.12592e+06 2.52064e+06 2.4664e+06 575576 2.08156e+06 2.08625e+06 2.12696e+06 2.11409e+06 2.41753e+06 2.43768e+06 1.45794e+06 1.63291e+06 2.473e+06 2.58828e+06 1.46158e+06 2.20251e+18 3.5006e+13 
1.39741 1.99645e+06 2.00067e+06 2.26284e+06 2.25334e+06 20657.6 20661.6 3.51451e+06 3.54187e+06 1.93108e+06 1.90163e+06 648506 2.20414e+06 2.20529e+06 2.29466e+06 2.29591e+06 2.34625e+06 2.33188e+06 1.43336e+06 1.76233e+06 2.36457e+06 2.60366e+06 1.20647e+06 2.33019e+18 2.46326e+13 
1.49611 1.40203e+06 1.40154e+06 2.09115e+06 2.08185e+06 130408 129677 3.82999e+06 3.85126e+06 1.47401e+06 1.46699e+06 757413 2.26904e+06 2.27289e+06 2.45124e+06 2.45691e+06 2.20161e+06 2.18766e+06 1.5391e+06 1.92752e+06 2.2308e+06 2.46486e+06 1.26258e+06 2.40021e+18 1.7413e+13 
1.59482 986259 987119 1.95542e+06 1.94842e+06 330998 329285 4.04373e+06 4.07699e+06 1.16606e+06 1.15402e+06 911739 2.32672e+06 2.33249e+06 2.57187e+06 2.60189e+06 2.04329e+06 2.02789e+06 1.73543e+06 2.08439e+06 2.02052e+06 2.18552e+06 1.58044e+06 2.46219e+18 1.23872e+13 
1.69352 695326 700434 1.84749e+06 1.84277e+06 615386 613496 4.14e+06 4.19667e+06 962171 945980 1.11501e+06 2.3863e+06 2.38837e+06 2.67785e+06 2.72102e+06 1.88441e+06 1.87212e+06 1.97983e+06 2.18917e+06 1.80386e+06 1.92215e+06 1.93996e+06 2.52321e+18 8.88672e+12 
1.79223 491671 502258 1.7573e+06 1.75786e+06 973987 973330 4.11379e+06 4.1719e+06 852260 825980 1.37624e+06 2.4473e+06 2.44083e+06 2.79012e+06 2.80312e+06 1.74179e+06 1.73832e+06 2.20883e+06 2.20523e+06 1.71942e+06 1.7108e+06 2.1869e+06 2.58317e+18 6.44793e+12 
1.89093 349063 359815 1.6877e+06 1.68875e+06 1.39563e+06 1.39711e+06 3.97348e+06 4.01441e+06 805660 776986 1.66504e+06 2.50401e+06 2.48972e+06 2.83815e+06 2.83892e+06 1.65002e+06 1.64062e+06 2.28367e+06 2.13041e+06 1.75715e+06 1.63223e+06 2.13679e+06 2.63898e+18 4.71604e+12 
1.98964 249180 255135 1.6432e+06 1.63203e+06 1.86838e+06 1.87081e+06 3.73095e+06 3.75765e+06 809382 785547 1.98304e+06 2.55171e+06 2.53487e+06 2.84418e+06 2.82793e+06 1.59694e+06 1.59053e+06 2.24358e+06 1.98574e+06 1.87773e+06 1.69784e+06 1.81155e+06 2.68804e+18 3.47305e+12 
2.08834 179217 181405 1.59422e+06 1.58517e+06 2.37705e+06 2.37868e+06 3.39698e+06 3.4085e+06 860318 838790 2.3289e+06 2.58649e+06 2.57611e+06 2.77234e+06 2.77122e+06 1.59631e+06 1.59488e+06 2.10212e+06 1.80945e+06 2.06085e+06 1.85784e+06 1.4433e+06 2.72821e+18 2.5966e+12 
2.18705 130233 131973 1.56182e+06 1.54638e+06 2.90125e+06 2.904e+06 2.98234e+06 2.96607e+06 939551 923280 2.69795e+06 2.61945e+06 2.61329e+06 2.63891e+06 2.67234e+06 1.64377e+06 1.65283e+06 1.86586e+06 1.65594e+06 2.30678e+06 2.08768e+06 1.20893e+06 2.76528e+18 1.99552e+12 
2.28575 95975.2 98875.1 1.53752e+06 1.51433e+06 3.4246e+06 3.42968e+06 2.50812e+06 2.48293e+06 1.02758e+06 1.02792e+06 3.0788e+06 2.65112e+06 2.64627e+06 2.54516e+06 2.53814e+06 1.75457e+06 1.75797e+06 1.6174e+06 1.57371e+06 2.4389e+06 2.35973e+06 1.28117e+06 2.79945e+18 1.58309e+12 
2.38446 72076.4 75799.1 1.5188e+06 1.48803e+06 3.93378e+06 3.93797e+06 2.00723e+06 1.98992e+06 1.13444e+06 1.14208e+06 3.43644e+06 2.67861e+06 2.67492e+06 2.40992e+06 2.38161e+06 1.90398e+06 1.90049e+06 1.45677e+06 1.58977e+06 2.42527e+06 2.53898e+06 1.61114e+06 2.82911e+18 1.29469e+12 
2.48316 55495.4 59305.5 1.50811e+06 1.46686e+06 4.41042e+06 4.41144e+06 1.51142e+06 1.49003e+06 1.26507e+06 1.25518e+06 3.77268e+06 2.70556e+06 2.69912e+06 2.25412e+06 2.21841e+06 2.08296e+06 2.06394e+06 1.4175e+06 1.69939e+06 2.32539e+06 2.58947e+06 2.00651e+06 2.85615e+18 1.09162e+12 
2.58187 44127.8 46866 1.47673e+06 1.45029e+06 4.8368e+06 4.83422e+06 1.04834e+06 1.03289e+06 1.38408e+06 1.36005e+06 4.069e+06 2.72422e+06 2.7188e+06 2.07874e+06 2.06031e+06 2.23363e+06 2.23023e+06 1.52143e+06 1.86199e+06 2.15503e+06 2.49399e+06 2.2068e+06 2.8764e+18 9.42069e+11 
2.68057 36532.4 37897.6 1.46917e+06 1.43795e+06 5.1965e+06 5.19084e+06 645352 641122 1.46882e+06 1.44894e+06 4.3573e+06 2.74274e+06 2.73387e+06 1.91559e+06 1.92e+06 2.34157e+06 2.38135e+06 1.72064e+06 2.02921e+06 1.93363e+06 2.26522e+06 2.12417e+06 2.89416e+18 8.3987e+11 
2.77928 31745.5 32887.6 1.46806e+06 1.42963e+06 5.47281e+06 5.46832e+06 326135 322267 1.55824e+06 1.5153e+06 4.59338e+06 2.74574e+06 2.74428e+06 1.80115e+06 1.81115e+06 2.44343e+06 2.50066e+06 1.96272e+06 2.1494e+06 1.74663e+06 1.99328e+06 1.80797e+06 2.90124e+18 7.79734e+11 
2.87798 29162.1 30820.4 1.4695e+06 1.42504e+06 5.65749e+06 5.65705e+06 108700 107907 1.6147e+06 1.55683e+06 4.74777e+06 2.75161e+06 2.75001e+06 1.71594e+06 1.7413e+06 2.51714e+06 2.57716e+06 2.17638e+06 2.18657e+06 1.67314e+06 1.76465e+06 1.43055e+06 2.90737e+18 7.51358e+11 
2.97669 28453.9 29997.3 1.46407e+06 1.42412e+06 5.74643e+06 5.74986e+06 7133.86 7907.75 1.62703e+06 1.57173e+06 4.84416e+06 2.75066e+06 2.75103e+06 1.69406e+06 1.71659e+06 2.57939e+06 2.60042e+06 2.28783e+06 2.12897e+06 1.70508e+06 1.67115e+06 1.20588e+06 2.90741e+18 7.41293e+11 
3.07539 29529.7 29845.4 1.45575e+06 1.4269e+06 5.73878e+06 5.74271e+06 26252.3 23921.1 1.60742e+06 1.55987e+06 4.86385e+06 2.74906e+06 2.74738e+06 1.73367e+06 1.73886e+06 2.56641e+06 2.56761e+06 2.25782e+06 1.99418e+06 1.84587e+06 1.69479e+06 1.28725e+06 2.90463e+18 7.46108e+11 
3.1741 32521.3 31644.1 1.45073e+06 1.43344e+06 5.63352e+06 5.63537e+06 163293 156388 1.56769e+06 1.51925e+06 4.78798e+06 2.73964e+06 2.73906e+06 1.80771e+06 1.8064e+06 2.48672e+06 2.48426e+06 2.10026e+06 1.82974e+06 2.04661e+06 1.83431e+06 1.6075e+06 2.89526e+18 7.7511e+11 
3.2728 37802.3 36899 1.46329e+06 1.44379e+06 5.43107e+06 5.43213e+06 411256 404098 1.49603e+06 1.45145e+06 4.68182e+06 2.72476e+06 2.72614e+06 1.91627e+06 1.9132e+06 2.35759e+06 2.35843e+06 1.85244e+06 1.68569e+06 2.26742e+06 2.0937e+06 2.02216e+06 2.88057e+18 8.41527e+11 
3.37151 46031.9 44921.4 1.476e+06 1.4581e+06 5.14206e+06 5.13983e+06 756104 731931 1.39844e+06 1.36249e+06 4.5084e+06 2.70802e+06 2.70868e+06 2.06589e+06 2.04885e+06 2.18293e+06 2.20302e+06 1.62223e+06 1.6052e+06 2.41502e+06 2.33939e+06 2.24958e+06 2.86249e+18 9.4285e+11 
3.47021 58232.8 57751.6 1.49387e+06 1.47654e+06 4.77078e+06 4.76749e+06 1.17385e+06 1.15264e+06 1.28017e+06 1.25831e+06 4.25816e+06 2.68607e+06 2.68678e+06 2.22639e+06 2.19992e+06 2.03737e+06 2.03513e+06 1.4543e+06 1.6152e+06 2.46119e+06 2.51492e+06 2.14659e+06 2.83932e+18 1.09817e+12 
3.56892 75925 74974.8 1.51537e+06 1.49953e+06 4.3338e+06 4.32873e+06 1.63735e+06 1.60812e+06 1.16387e+06 1.14627e+06 3.96175e+06 2.65678e+06 2.66054e+06 2.38944e+06 2.35473e+06 1.89951e+06 1.87199e+06 1.40368e+06 1.71242e+06 2.42501e+06 2.56208e+06 1.79605e+06 2.80998e+18 1.31403e+12 
3.66762 101313 100183 1.54238e+06 1.52761e+06 3.84378e+06 3.83902e+06 2.12262e+06 2.08417e+06 1.04256e+06 1.03263e+06 3.61402e+06 2.62637e+06 2.63008e+06 2.51801e+06 2.49953e+06 1.7662e+06 1.73042e+06 1.4862e+06 1.8711e+06 2.22609e+06 2.42315e+06 1.40815e+06 2.77781e+18 1.62555e+12 
3.76633 137552 136145 1.58253e+06 1.5616e+06 3.31958e+06 3.31473e+06 2.59254e+06 2.57181e+06 942251 927636 3.24659e+06 2.59099e+06 2.59554e+06 2.65815e+06 2.62283e+06 1.65348e+06 1.62629e+06 1.68966e+06 2.04194e+06 1.99917e+06 2.24702e+06 1.21369e+06 2.74086e+18 2.0695e+12 
3.86503 189148 186170 1.61228e+06 1.60232e+06 2.77759e+06 2.77483e+06 3.02111e+06 3.0359e+06 848263 843147 2.86507e+06 2.55248e+06 2.55707e+06 2.78391e+06 2.71286e+06 1.60018e+06 1.57045e+06 1.93057e+06 2.17161e+06 1.79911e+06 2.00604e+06 1.3203e+06 2.70018e+18 2.68978e+12 
3.96374 262515 254817 1.64561e+06 1.65107e+06 2.23844e+06 2.23833e+06 3.38172e+06 3.42575e+06 790146 791521 2.46992e+06 2.51143e+06 2.51484e+06 2.8432e+06 2.76334e+06 1.61004e+06 1.56787e+06 2.13921e+06 2.21393e+06 1.69177e+06 1.79178e+06 1.67575e+06 2.65617e+18 3.55444e+12 
4.06244 366762 355069 1.70487e+06 1.70959e+06 1.72114e+06 1.72395e+06 3.65376e+06 3.74336e+06 771401 786593 2.09751e+06 2.46451e+06 2.469e+06 2.82281e+06 2.76838e+06 1.67955e+06 1.6186e+06 2.26831e+06 2.15691e+06 1.68292e+06 1.62328e+06 2.08458e+06 2.60715e+18 4.79948e+12 
4.16115 514830 502188 1.77589e+06 1.78037e+06 1.24515e+06 1.25001e+06 3.82164e+06 3.95852e+06 818356 840696 1.74439e+06 2.4201e+06 2.41974e+06 2.74076e+06 2.72706e+06 1.79952e+06 1.71578e+06 2.2586e+06 2.01926e+06 1.79143e+06 1.62025e+06 2.29812e+06 2.55765e+18 6.59272e+12 
4.25985 725091 709333 1.86645e+06 1.86686e+06 829505 833604 3.87304e+06 3.99754e+06 927048 968819 1.43519e+06 2.37073e+06 2.36723e+06 2.67307e+06 2.64388e+06 1.94488e+06 1.84802e+06 2.10236e+06 1.84044e+06 1.97508e+06 1.75356e+06 2.21465e+06 2.50381e+18 9.12532e+12 
4.35856 1.02362e+06 1.00594e+06 1.96085e+06 1.974e+06 487120 489776 3.80663e+06 3.8896e+06 1.11717e+06 1.18726e+06 1.16326e+06 2.31176e+06 2.31159e+06 2.53819e+06 2.52567e+06 2.05042e+06 2.0004e+06 1.87447e+06 1.66995e+06 2.12966e+06 1.9302e+06 1.82398e+06 2.44324e+18 1.27294e+13 
4.45726 1.44744e+06 1.42722e+06 2.08477e+06 2.10858e+06 229871 230683 3.62129e+06 3.66616e+06 1.40017e+06 1.51097e+06 931991 2.24534e+06 2.25254e+06 2.36853e+06 2.3824e+06 2.13724e+06 2.15638e+06 1.61632e+06 1.55459e+06 2.28047e+06 2.09513e+06 1.40923e+06 2.37694e+18 1.78434e+13 
4.55597 2.04909e+06 2.01835e+06 2.23712e+06 2.28055e+06 66259.9 65804.9 3.33023e+06 3.30673e+06 1.80176e+06 1.95386e+06 751537 2.18032e+06 2.18584e+06 2.16088e+06 2.2273e+06 2.22299e+06 2.29615e+06 1.3989e+06 1.52905e+06 2.30719e+06 2.26771e+06 1.18735e+06 2.30732e+18 2.5056e+13 
4.65467 2.90316e+06 2.85657e+06 2.45193e+06 2.50441e+06 1112.92 936.656 2.95145e+06 2.85554e+06 2.34621e+06 2.52371e+06 618850 2.06011e+06 2.0686e+06 1.94278e+06 2.05401e+06 2.25635e+06 2.4015e+06 1.27749e+06 1.5934e+06 2.19207e+06 2.32823e+06 1.23296e+06 2.18184e+18 3.52864e+13 
4.75337 4.11551e+06 4.05943e+06 2.7353e+06 2.80183e+06 37054.1 38315.5 2.50707e+06 2.39472e+06 2.95408e+06 3.14903e+06 538274 1.50609e+06 1.51841e+06 1.62025e+06 1.72299e+06 2.16815e+06 2.39987e+06 1.24606e+06 1.83643e+06 2.16868e+06 2.53029e+06 1.86495e+06 1.59831e+18 4.98805e+13 
