# This file was generated by TiberCAD (GraceIO.C)
# Stores 1D nodal data in format suitable for Grace
# x	state_number_0	state_number_1	state_number_2	state_number_3	state_number_4	state_number_5	state_number_6	state_number_7	state_number_8	state_number_9	state_number_10	state_number_11	state_number_12	state_number_13	state_number_14	state_number_15	state_number_16	state_number_17	state_number_18	state_number_19
0	-1.16107111	-1.16107111	-1.60580435	-1.60580435	-1.666491444	-1.666491444	-1.726932352	-1.726932352	-1.8368764	-1.8368764	0.5170268697	0.5170268697	0.9413426085	0.9413426085	1.017793952	1.017793952	1.03260535	1.03260535	1.400527325	1.400527325	
0.07361932682	-1.160279362	-1.160991985	-1.605251356	-1.606292574	-1.652824665	-1.670686445	-1.723124573	-1.739969856	-1.8332923	-1.834909532	0.5168379932	0.5172473223	0.9397273753	0.9431534307	1.011236296	1.016209091	1.035904927	1.040268837	1.399114103	1.399671485	
0.1472386536	-1.158621809	-1.16004142	-1.60462976	-1.606701093	-1.635744729	-1.661975469	-1.73201387	-1.756046937	-1.826487393	-1.830480962	0.5166990256	0.5174932056	0.9382697367	0.9450421504	1.004126503	1.010314282	1.046379678	1.051389256	1.395558459	1.396690066	
0.2208579805	-1.156107681	-1.158223493	-1.603914155	-1.606947725	-1.617556268	-1.646782789	-1.747123782	-1.772531222	-1.819269401	-1.824501598	0.5166394306	0.5177708472	0.9368301367	0.9467039608	0.9986221483	1.005442649	1.058815512	1.064054217	1.390201546	1.39193654	
0.2944773073	-1.15274984	-1.15554684	-1.598492145	-1.603022775	-1.607519492	-1.62949429	-1.763838256	-1.787346416	-1.812190475	-1.817746948	0.5166981015	0.5180985286	0.9352454844	0.9476915409	0.9954921877	1.002538466	1.072383169	1.077856833	1.383478376	1.385850109	
0.3680966341	-1.148564147	-1.152024364	-1.57975486	-1.601416893	-1.607493121	-1.612028819	-1.779394266	-1.795383943	-1.806132122	-1.811346348	0.5169212016	0.5185052204	0.933423903	0.9476442595	0.995174349	1.001859581	1.086840585	1.092609351	1.375817397	1.378852607	
0.4417159609	-1.143568772	-1.147672773	-1.560943483	-1.591134168	-1.602832124	-1.607398015	-1.786416452	-1.792159981	-1.802071636	-1.811523727	0.5173597584	0.5190287198	0.9314089305	0.9466027837	0.9976222708	1.003394261	1.102050825	1.108180836	1.367594162	1.371299309	
0.5153352877	-1.137783536	-1.142512013	-1.542242562	-1.573192231	-1.601095413	-1.607119295	-1.781583699	-1.783465293	-1.796764365	-1.809902837	0.5180672132	0.5197133868	0.9293683206	0.9450046597	1.002347911	1.006950802	1.117901355	1.124457105	1.359126003	1.363468981	
0.5889546146	-1.131229334	-1.136564643	-1.523729992	-1.554800947	-1.599719964	-1.606625562	-1.773058682	-1.773388208	-1.79154417	-1.803423759	0.519097091	0.5206076952	0.9275279807	0.94337605	1.008743871	1.01224533	1.134277491	1.141321896	1.350686234	1.355570511	
0.6625739414	-1.123927706	-1.129855233	-1.505461089	-1.536461268	-1.598278591	-1.605900985	-1.76196166	-1.764193793	-1.786605701	-1.790174761	0.5205009059	0.5217617948	0.9261087158	0.9421258816	1.016296373	1.018973428	1.151044727	1.158640044	1.342525431	1.347753633	
0.7361932682	-1.115900586	-1.122409826	-1.487479677	-1.518289838	-1.596714851	-1.604941923	-1.750311843	-1.754094378	-1.76894289	-1.76998956	0.5223263676	0.5232252377	0.9252945519	0.9415225595	1.02461322	1.026845639	1.168027648	1.176233388	1.334896592	1.340123883	
0.809812595	-1.107170237	-1.114255514	-1.469821814	-1.500347119	-1.595024442	-1.603756176	-1.737174776	-1.740963116	-1.749299038	-1.752021281	0.5246159121	0.5250449758	0.9252266913	0.9417333177	1.033388534	1.035595272	1.184976747	1.193836747	1.328086887	1.332777203	
0.8834319218	-1.097759367	-1.105420146	-1.45251725	-1.482674092	-1.593221011	-1.602361141	-1.719927067	-1.722090355	-1.733972855	-1.739747352	0.5272636813	0.5274055495	0.9260089233	0.9428614253	1.042370172	1.044973766	1.201512077	1.211007384	1.32246187	1.325894013	
0.9570512487	-1.087691402	-1.095932172	-1.435589953	-1.465301272	-1.59132542	-1.60078019	-1.699581893	-1.701128634	-1.721843213	-1.727494972	0.5299184076	0.5307240044	0.9277155581	0.9449700673	1.051341921	1.054743325	1.217033876	1.226932646	1.318522189	1.319961101	
1.030670575	-1.076990849	-1.085820606	-1.419058179	-1.448251818	-1.589357791	-1.599036858	-1.678439982	-1.679799849	-1.708345399	-1.709916115	0.5330395786	0.5345921179	0.9303983787	0.948096139	1.060117824	1.064671257	1.230627767	1.240083389	1.316150966	1.316921761	
1.104289902	-1.065683716	-1.075115095	-1.402934392	-1.431542809	-1.587328237	-1.597145908	-1.657145402	-1.658444011	-1.691128647	-1.692107121	0.536650279	0.5390224766	0.9340918303	0.9522579442	1.068544707	1.074528087	1.241144613	1.24810258	1.316392046	1.318213556	
1.177909229	-1.053797898	-1.063846042	-1.387225165	-1.415185796	-1.585223121	-1.595098222	-1.63587748	-1.637166775	-1.673642556	-1.674521688	0.5407658135	0.5440192438	0.9388166177	0.9574593622	1.076509444	1.084090827	1.247765427	1.249435621	1.321596698	1.321943288	
1.251528556	-1.041363494	-1.052044749	-1.371931177	-1.399187099	-1.5829783	-1.592828641	-1.614713517	-1.616026036	-1.656440439	-1.657269744	0.5453935046	0.5495781724	0.9445820799	0.9636919085	1.083947578	1.093152465	1.245357316	1.250667847	1.325817373	1.329677842	
1.325147883	-1.028412982	-1.039743548	-1.357047378	-1.383548018	-1.58038671	-1.590009082	-1.593848409	-1.595121892	-1.639771899	-1.640498067	0.550532701	0.5556867863	0.9513876629	0.9709354277	1.090849708	1.101537579	1.2382511	1.250735059	1.327600769	1.337997301	
1.39876721	-1.014981242	-1.026975875	-1.34256334	-1.368265077	-1.57266866	-1.573239228	-1.578378126	-1.586836345	-1.624085757	-1.624487649	0.5561749792	0.5623247298	0.9592237113	0.9791577667	1.097262565	1.109121389	1.229743885	1.248785067	1.327900858	1.345793989	
1.472386536	-1.001105406	-1.013776274	-1.328463804	-1.35333034	-1.551969935	-1.553153196	-1.573526699	-1.581466138	-1.609830824	-1.610398999	0.5623045251	0.5694642839	0.9680716992	0.9883135402	1.103282895	1.115846242	1.220719667	1.245339931	1.328532667	1.353393101	
1.546005863	-0.986824558	-1.000180316	-1.314729398	-1.338731836	-1.53143355	-1.53271685	-1.566762602	-1.572554543	-1.597605911	-1.60025239	0.5688986885	0.5770710609	0.9779039277	0.9983419538	1.10904377	1.121727795	1.211681883	1.240783892	1.330579051	1.361098976	
1.61962519	-0.972179299	-0.9862244317	-1.301337485	-1.324454078	-1.511088745	-1.512436958	-1.556526844	-1.559929233	-1.588602852	-1.593514459	0.575928707	0.5851048822	0.9886826222	1.009163552	1.114693063	1.126845406	1.202969028	1.235506276	1.334334587	1.368961747	
1.693244517	-0.9572112382	-0.9719456688	-1.288263073	-1.310478662	-1.490949257	-1.492355148	-1.543427201	-1.545297096	-1.581736061	-1.587944979	0.5833605965	0.5935208488	1.000358238	1.020675688	1.120360821	1.131317162	1.194873025	1.229928067	1.339649906	1.376855957	
1.766863844	-0.9419624375	-0.9573813998	-1.275479753	-1.296784941	-1.47102583	-1.472488141	-1.528860557	-1.52988949	-1.574995058	-1.581535421	0.5911562028	0.6022706009	1.012866586	1.032746475	1.126103328	1.13526558	1.187733827	1.224480093	1.346181374	1.384567285	
1.84048317	-0.9264748622	-0.9425689919	-1.262960587	-1.28335072	-1.451327852	-1.452847163	-1.513690403	-1.514228059	-1.566959692	-1.573126679	0.5992743998	0.6113037545	1.026124036	1.045206733	1.131794312	1.138782533	1.182069205	1.219594413	1.353530057	1.391850196	
1.914102497	-0.9107898672	-0.9275454671	-1.250678918	-1.270152952	-1.43186379	-1.433441286	-1.498312476	-1.498528148	-1.557075211	-1.562547876	0.6076724119	0.6205694811	1.040019314	1.057838373	1.136935726	1.141903554	1.178780838	1.215716737	1.361308602	1.398467513	
1.987721824	-0.8949477457	-0.9123471741	-1.238609072	-1.25716842	-1.412641354	-1.414278351	-1.482886172	-1.482908101	-1.545449654	-1.550258062	0.6163072228	0.6300181757	1.054398753	1.070353616	1.140603704	1.144608473	1.179231428	1.213317365	1.369170498	1.404220349	
2.061341151	-0.8789873528	-0.8970094855	-1.226726924	-1.244374358	-1.393667557	-1.395365281	-1.467347902	-1.467566205	-1.532442904	-1.536757626	0.6251370152	0.639603135	1.069037958	1.082348657	1.142324756	1.146878181	1.184415886	1.212867626	1.376823074	1.408970475	
2.134960478	-0.8629458102	-0.8815665337	-1.215010328	-1.23174901	-1.374948748	-1.376708216	-1.451934908	-1.452333376	-1.518391049	-1.522384648	0.6341225741	0.6492821436	1.083583533	1.093203323	1.14321948	1.148837194	1.193918356	1.214762509	1.384034678	1.412653621	
2.208579805	-0.8468582889	-0.8660509914	-1.203439419	-1.219272112	-1.356490615	-1.358312561	-1.436655999	-1.437235379	-1.503540218	-1.507344741	0.643228571	0.6590188554	1.097431903	1.101973214	1.145328639	1.150973692	1.2066938	1.219227963	1.390640024	1.415282067	
2.282199131	-0.830757863	-0.8504938982	-1.191996781	-1.206925286	-1.338298183	-1.340183008	-1.421512812	-1.422287333	-1.488065935	-1.491768409	0.6524246427	0.6687838551	1.107717998	1.109535044	1.150389455	1.154362938	1.221962601	1.226296066	1.396544347	1.416937295	
2.355818458	-0.8146754242	-0.834924533	-1.180667506	-1.19469233	-1.320375806	-1.322323543	-1.406502943	-1.407499072	-1.472102285	-1.475748964	0.6616861831	0.6785553014	1.110541905	1.118481609	1.158768496	1.160528472	1.235864671	1.239235575	1.401725791	1.417756527	
2.429437785	-0.7986396465	-0.8193703268	-1.169439156	-1.182559427	-1.302727149	-1.304737441	-1.391621966	-1.392878294	-1.4557622	-1.459363684	0.6709947802	0.6883190847	1.111620145	1.123686501	1.169573848	1.170181488	1.247767796	1.258172613	1.406235655	1.417918391	
2.503057112	-0.7826769898	-0.8038568119	-1.15830163	-1.170515245	-1.28535517	-1.28742727	-1.376864957	-1.378432588	-1.439148792	-1.442684974	0.680338256	0.6980684752	1.112076492	1.126213083	1.181847147	1.182367622	1.261802793	1.278508507	1.410197316	1.417632414	
2.576676439	-0.7668117321	-0.7884076005	-1.147246966	-1.158550936	-1.268262107	-1.270394875	-1.362227756	-1.364170819	-1.422360634	-1.425785806	0.6897102993	0.7078032872	1.112584124	1.127474735	1.194986865	1.195763257	1.277724568	1.300021184	1.413806047	1.417135636	
2.650295766	-0.7510660232	-0.7730443871	-1.136269066	-1.14666004	-1.251449449	-1.253641385	-1.347708084	-1.350104043	-1.405493413	-1.408741783	0.6991097146	0.7175286282	1.113506923	1.128373716	1.208613842	1.20953296	1.295235607	1.322511123	1.416699462	1.417333167	
2.723915092	-0.7354599511	-0.7577869689	-1.12536338	-1.134838277	-1.234917917	-1.237167204	-1.33330652	-1.336246045	-1.388639663	-1.391631213	0.7085393403	0.7272533353	1.115048201	1.129398261	1.222422995	1.223215006	1.313981353	1.345771801	1.416654922	1.421138668	
2.797534419	-0.7200116175	-0.7426532797	-1.114526527	-1.123083234	-1.218667438	-1.220972011	-1.319027324	-1.322613508	-1.371887626	-1.374534064	0.7180047119	0.7369882199	1.117329304	1.130820245	1.236102942	1.236500634	1.333539689	1.369505712	1.417475882	1.425696459	
2.871153746	-0.7047372176	-0.7276594334	-1.103755874	-1.111393938	-1.202697114	-1.205054753	-1.304879062	-1.309225839	-1.355319916	-1.357530373	0.7275125605	0.7467442409	1.120427156	1.132802541	1.249112153	1.249299393	1.353390248	1.392898303	1.420200789	1.431632169	
2.944773073	-0.6896511212	-0.7128197727	-1.093049078	-1.099770321	-1.187005189	-1.189413645	-1.290874992	-1.296104668	-1.339012359	-1.340698514	0.7370692364	0.7565307186	1.124392445	1.135449569	1.260757725	1.261610197	1.372875589	1.411687062	1.429342465	1.439748948	
3.0183924	-0.6747659548	-0.6981469227	-1.08240358	-1.088212564	-1.171589014	-1.174046154	-1.277033198	-1.283273061	-1.323033163	-1.32411355	0.7466791424	0.7663536773	1.129258799	1.138831639	1.271139148	1.272616135	1.391252524	1.420804307	1.450184118	1.450933047	
3.092011726	-0.6600926825	-0.6836518462	-1.071816075	-1.076720331	-1.156444996	-1.158948981	-1.263376447	-1.270754471	-1.307442498	-1.307845798	0.75634325	0.7762143869	1.135047554	1.142997341	1.2799977	1.281952234	1.408014567	1.42816745	1.465751111	1.474847478	
3.165631053	-0.6456406869	-0.6693439012	-1.061281937	-1.065291893	-1.141568546	-1.144118033	-1.249931814	-1.258571459	-1.291959653	-1.292292487	0.766057756	0.7861081486	1.141770245	1.147980176	1.287175417	1.289400704	1.423303909	1.436884311	1.483911117	1.499732585	
3.23925038	-0.6314178494	-0.6552308992	-1.050794638	-1.053923157	-1.126954008	-1.129548371	-1.236730095	-1.246744192	-1.27651268	-1.277627601	0.7758129256	0.7960233572	1.149429825	1.153802217	1.292657521	1.294953747	1.437726274	1.447301384	1.504184218	1.521919613	
3.312869707	-0.617430631	-0.6413191654	-1.040345137	-1.042606613	-1.112594571	-1.11523414	-1.22380505	-1.235288644	-1.261554961	-1.263485467	0.7855921558	0.8059408605	1.158021096	1.160476108	1.296569711	1.298800517	1.451710435	1.45911828	1.523817369	1.531006522	
3.386489034	-0.603684155	-0.6276136023	-1.029921283	-1.031330217	-1.098482167	-1.101168468	-1.211192507	-1.224214442	-1.247128682	-1.249898113	0.7953712877	0.8158336315	1.167530555	1.168006029	1.299134682	1.301249539	1.46508202	1.471626758	1.525046819	1.532805507	
3.460108361	-0.5901822924	-0.614117756	-1.019507238	-1.020076268	-1.08460733	-1.08734332	-1.19892936	-1.213522186	-1.233267926	-1.236893657	0.805118193	0.8256667698	1.176387904	1.177935675	1.300616019	1.302640428	1.476616769	1.48323825	1.516351984	1.528277832	
3.533727687	-0.5769277506	-0.6008338886	-1.008820311	-1.009082956	-1.070959035	-1.073749294	-1.187052473	-1.203200191	-1.219998638	-1.224498365	0.8147926609	0.8353978484	1.185608885	1.189203459	1.301274473	1.303285023	1.48288881	1.488365976	1.513063368	1.524766549	
3.607347014	-0.5639221684	-0.5877630574	-0.9975301519	-0.9986237485	-1.057524495	-1.060375338	-1.175597507	-1.193220819	-1.20733869	-1.212738607	0.8243466125	0.8449776233	1.19564589	1.201287774	1.301344716	1.303443508	1.479994255	1.481634897	1.520680924	1.528883954	
3.680966341	-0.5511662156	-0.5749052036	-0.9861651029	-0.9880999911	-1.044288922	-1.047208354	-1.164597703	-1.183537376	-1.195297923	-1.201641358	0.8337246723	0.854351119	1.206462565	1.21412431	1.301029055	1.303324026	1.470224731	1.470444648	1.531756429	1.538332478	
3.754585668	-0.5386597013	-0.5622592519	-0.9746755971	-0.9774770126	-1.031235257	-1.034232678	-1.154082599	-1.174083876	-1.183878041	-1.191230293	0.8428651213	0.863459091	1.218003023	1.227620197	1.30050265	1.303095935	1.457508562	1.458043494	1.542611976	1.549127389	
3.828204995	-0.5264016899	-0.5498232238	-0.9630033754	-0.9667152332	-1.01834389	-1.021429425	-1.144076677	-1.164780757	-1.173072161	-1.181513313	0.8517012486	0.8722398463	1.230178144	1.241629907	1.299929118	1.302917257	1.444183472	1.444320203	1.552319562	1.559513633	
3.901824321	-0.5143906263	-0.5375943678	-0.9510824738	-0.9557706005	-1.005592396	-1.008775758	-1.134597814	-1.155546634	-1.162863876	-1.172459592	0.8601630985	0.8806313677	1.242832224	1.25589012	1.299495598	1.302999218	1.429804667	1.43044812	1.560579589	1.568803199	
3.975443648	-0.5026244716	-0.5255693063	-0.9388412554	-0.9445953786	-0.9929553575	-0.9962442065	-1.125655277	-1.146308515	-1.153225683	-1.163970573	0.8681795773	0.8885736486	1.255650909	1.269811778	1.299504437	1.303804758	1.414702469	1.416390603	1.567365131	1.57675184	
4.049062975	-0.49110085	-0.5137442045	-0.9262057024	-0.9331393267	-0.980404363	-0.9838022983	-1.117246746	-1.136999871	-1.144116762	-1.155850794	0.8756808446	0.896011097	1.267883754	1.28180936	1.300645625	1.306687398	1.399106819	1.402105482	1.572829662	1.583363254	
4.122682302	-0.4798172075	-0.5021149608	-0.9131040978	-0.9213513021	-0.9679082828	-0.9714128464	-1.109353348	-1.127546181	-1.13548045	-1.147775283	0.8826008641	0.9028948299	1.277718098	1.288921498	1.304604525	1.314160871	1.383085509	1.387830029	1.577250998	1.58879822	
4.196301629	-0.468770984	-0.4906774202	-0.899473061	-0.9091813071	-0.9554339428	-0.9590352461	-1.101930696	-1.117849635	-1.127242708	-1.139257697	0.8888799409	0.9091846565	1.282987563	1.291121084	1.313273071	1.325106791	1.366786931	1.374437603	1.580981343	1.593307727	
4.269920956	-0.457959798	-0.4794276124	-0.8852646398	-0.8965829971	-0.9429472774	-0.9466279741	-1.094891964	-1.107786714	-1.119315444	-1.129698925	0.8944670401	0.9148505524	1.284514673	1.290952157	1.32476426	1.332640014	1.351093544	1.365942477	1.584404594	1.597179422	
4.343540282	-0.4473816461	-0.4683620121	-0.8704537772	-0.883516639	-0.9304149907	-0.9341521517	-1.088075683	-1.097231658	-1.111614301	-1.118683508	0.8993216706	0.9198734659	1.284186207	1.289567439	1.326300553	1.32705118	1.346662728	1.370526542	1.587903782	1.600698512	
4.417159609	-0.437035115	-0.4574778189	-0.8550450227	-0.8699524401	-0.917806689	-0.92157564	-1.081189193	-1.086117439	-1.104108501	-1.106366913	0.9034151424	0.9242453596	1.282792652	1.287245874	1.310650493	1.312750097	1.359652617	1.383086484	1.591838122	1.604120723	
4.490778936	-0.4269196062	-0.4467732529	-0.8390770426	-0.8558740391	-0.9050973906	-0.9088768834	-1.073740178	-1.074518241	-1.093318497	-1.096909639	0.9067310608	0.9279684636	1.280259854	1.28385542	1.292613555	1.295794242	1.375005804	1.39725329	1.596526701	1.607649904	
4.564398263	-0.4170355703	-0.4362478573	-0.8226235991	-0.8412817797	-0.892270282	-0.8960477483	-1.062677628	-1.065065065	-1.079992487	-1.090313639	0.9092649958	0.9310537878	1.27069522	1.275108086	1.279864009	1.281848713	1.390557892	1.411192889	1.602234541	1.611406439	
4.63801759	-0.4073847458	-0.4259027975	-0.8057903726	-0.8261952487	-0.8793195593	-0.883094918	-1.05092133	-1.054627284	-1.066559247	-1.084611087	0.911023341	0.9335189672	1.25111893	1.25602825	1.275539711	1.276205195	1.405714703	1.424142884	1.6091556	1.615354196	
4.711636916	-0.397970397	-0.4157411426	-0.7887081027	-0.8106545439	-0.8662531418	-0.8700398166	-1.039524074	-1.042372034	-1.053055256	-1.079793339	0.9120214263	0.9353855016	1.229965763	1.235089178	1.270482259	1.271176575	1.420013834	1.435611402	1.617386383	1.619101284	
4.785256243	-0.3887975393	-0.4057681116	-0.7715234802	-0.7947199012	-0.8530949618	-0.8569173387	-1.028629409	-1.028670143	-1.039526589	-1.075527661	0.9122809459	0.9366753473	1.207844889	1.212986881	1.264030499	1.26610425	1.432974074	1.44524398	1.621554353	1.626884557	
4.85887557	-0.3798731408	-0.3959912636	-0.7543895912	-0.7784696197	-0.8398864609	-0.8437737629	-1.014013531	-1.018198183	-1.026114657	-1.071265648	0.9118266905	0.9374066045	1.184804775	1.189794206	1.256827788	1.26022077	1.444081209	1.452819829	1.621688528	1.637408854	
4.932494897	-0.3712062801	-0.3864206113	-0.7374574122	-0.7619965728	-0.8266869236	-0.8306642061	-0.9988159474	-1.007768184	-1.01331174	-1.066289495	0.9106823805	0.9375876116	1.160844535	1.165541903	1.248914512	1.253496802	1.452835974	1.45826388	1.620534807	1.648436418	
5.006114224	-0.3628082426	-0.377068633	-0.7208691787	-0.7454038419	-0.8135724073	-0.8176499144	-0.9833556446	-0.9960214048	-1.002407262	-1.059923937	0.9088650215	0.9372078682	1.135962786	1.140270444	1.240350313	1.245935191	1.458852615	1.461638255	1.619510826	1.659065984	
5.079733551	-0.3546925273	-0.3679501663	-0.7047537752	-0.7288000884	-0.8006332719	-0.804795672	-0.9677856409	-0.9828708292	-0.9934201378	-1.052037459	0.906376462	0.9362222404	1.110174701	1.114054165	1.231202049	1.237561166	1.461968025	1.46310852	1.618967815	1.6680149	
5.153352877	-0.34687474	-0.3590821657	-0.6892238375	-0.7122951859	-0.7879705919	-0.7921675987	-0.952163674	-0.9692177384	-0.985366294	-1.043125405	0.9031892807	0.9345201844	1.083528566	1.087034005	1.221537908	1.228416921	1.46228901	1.46289802	1.618511184	1.673958843	
5.226972204	-0.3393723423	-0.3504833171	-0.6743740688	-0.6959964456	-0.7756919388	-0.7798315897	-0.936483865	-0.9553610146	-0.9778765446	-1.033787096	0.8992207	0.9318598423	1.056132702	1.059483633	1.211424099	1.21855722	1.460136947	1.461246215	1.617397847	1.676045971	
5.300591531	-0.332204233	-0.3421735118	-0.6602802608	-0.6800055528	-0.763907076	-0.7678525899	-0.9207059036	-0.941404918	-0.9708127684	-1.024407668	0.8942803584	0.9277176689	1.028208036	1.031959545	1.200923155	1.20804565	1.455929908	1.458379671	1.614847992	1.67399945	
5.374210858	-0.3253901396	-0.3341731926	-0.6469986032	-0.6644161622	-0.7527240174	-0.7562948045	-0.9047814602	-0.9274413532	-0.9640999396	-1.015168127	0.8879607632	0.9209566397	1.000197804	1.005632524	1.190093313	1.196951582	1.450076053	1.454496346	1.610283784	1.668010828	
5.447830185	-0.318949809	-0.3265025972	-0.6345649948	-0.64931198	-0.7422457105	-0.7452228311	-0.8886772409	-0.9135873985	-0.9576891064	-1.006127651	0.8794161655	0.9093668052	0.9729887602	0.9827468468	1.178988602	1.18534791	1.442915528	1.449759694	1.603448768	1.658626837	
5.521449511	-0.3129020018	-0.319180934	-0.6229942057	-0.6347651046	-0.7325673947	-0.7347035665	-0.8723928046	-0.8999843076	-0.9515460983	-0.9972860843	0.8670503774	0.8903737357	0.9482233668	0.9659117562	1.167659348	1.173309504	1.434704791	1.444298439	1.594389634	1.646523428	
5.595068838	-0.3072633123	-0.312225532	-0.6122788895	-0.6208343695	-0.7237745012	-0.7248085807	-0.8559708601	-0.8867836148	-0.9456458985	-0.988625901	0.8487334239	0.8639152729	0.9280830977	0.955224776	1.156152898	1.160912291	1.425623325	1.438208819	1.583350792	1.632304025	
5.668688165	-0.3020468607	-0.3056510106	-0.6023886157	-0.6075634277	-0.7156164576	-0.7159408208	-0.839499128	-0.8741311479	-0.93996848	-0.9801417085	0.8235453498	0.8322890673	0.9135445094	0.9484243976	1.144514439	1.148232808	1.415787873	1.431557283	1.570662959	1.616430108	
5.742307492	-0.2972609295	-0.2994685115	-0.5932692851	-0.5949783193	-0.7072143833	-0.7091265493	-0.8231054107	-0.8621542074	-0.9344952377	-0.9718563642	0.7927531837	0.7974342076	0.9034020895	0.9436088065	1.132787806	1.1353481	1.405267211	1.424382509	1.556672376	1.599242908	
5.815926819	-0.2929076433	-0.2936850275	-0.5830842792	-0.5848434795	-0.69969806	-0.7033756764	-0.80694965	-0.8509533995	-0.9292058927	-0.9638187161	0.7581365926	0.7603799718	0.8959423519	0.9397876149	1.121016257	1.122335825	1.394095623	1.416696194	1.541711161	1.581012342	
5.889546146	-0.2883028522	-0.2889818113	-0.571861582	-0.5770123929	-0.6931689415	-0.698711932	-0.7912173136	-0.84059849	-0.9240758177	-0.9560855346	0.7208721307	0.7216449857	0.8900593046	0.9364833077	1.109243172	1.109274452	1.382285529	1.408482446	1.526090727	1.561982321	
5.963165472	-0.2833191551	-0.2854700602	-0.5612603269	-0.5696598294	-0.6877279947	-0.6951319647	-0.7761177416	-0.8311269466	-0.9190736368	-0.9487000418	0.6815144356	0.681604921	0.8851824876	0.9334547612	1.096243466	1.097512679	1.369840479	1.399696035	1.510102347	1.542404736	
6.036784799	-0.2787256719	-0.2823503769	-0.5511942893	-0.5626581688	-0.6834658491	-0.6925932522	-0.7618904449	-0.8225438723	-0.9141588636	-0.9416781927	0.6401668962	0.640694871	0.8810305454	0.9305712864	1.083323504	1.085870205	1.356769433	1.390260562	1.494016267	1.522562004	
6.110404126	-0.2745084727	-0.2795921389	-0.5415343877	-0.5558751712	-0.680450298	-0.690991767	-0.7488232596	-0.8148222425	-0.9092793309	-0.9350045123	0.5977308911	0.5983629755	0.8774648657	0.9277571071	1.07059637	1.074362944	1.343102202	1.380069182	1.478076625	1.502777986	
6.184023453	-0.2706477503	-0.2771566314	-0.5321029786	-0.5491793605	-0.6787132862	-0.6901203009	-0.7372892757	-0.8079024745	-0.9043682548	-0.9286330355	0.5543117507	0.5547634526	0.874417655	0.9249657507	1.058144896	1.063040267	1.328904343	1.368993093	1.462493511	1.483414293	
6.25764278	-0.2671175349	-0.2749979311	-0.52267105	-0.5424411371	-0.6782400962	-0.6895999862	-0.7278071179	-0.8016903074	-0.8993410678	-0.922488598	0.5100056351	0.5100196367	0.8718566844	0.9221675479	1.046052628	1.051954044	1.31428839	1.356905389	1.4474359	1.464846385	
6.331262106	-0.2638851979	-0.2730638616	-0.5129611005	-0.535527256	-0.6789629075	-0.688838282	-0.7210681975	-0.7960517759	-0.8940928852	-0.916465905	0.4642433301	0.4649078468	0.8697672087	0.9193432188	1.034403329	1.041158906	1.299418088	1.343725598	1.433029615	1.44741607	
6.404881433	-0.2609105377	-0.2712964985	-0.5026584159	-0.528287741	-0.6807594521	-0.6872826606	-0.7176594392	-0.7908038576	-0.8884991897	-0.9104259258	0.4175467776	0.4191186778	0.8681421849	0.916480453	1.023280302	1.030712405	1.28450403	1.329476983	1.419362641	1.431370105	
6.47850076	-0.2581441277	-0.2696313863	-0.4914319852	-0.5205360574	-0.6834559916	-0.6850607	-0.7173911205	-0.7856997238	-0.882425954	-0.9041912622	0.3700517348	0.3727484763	0.8669767387	0.9135720385	1.012765565	1.020675081	1.269791841	1.314328679	1.40649685	1.416814392	
6.552120087	-0.2555244164	-0.2679941299	-0.478963916	-0.5120251186	-0.6829674058	-0.6868330744	-0.7192735477	-0.7804103932	-0.8757616133	-0.8975458327	0.3218981993	0.3259230267	0.8662649537	0.9106148319	1.002938874	1.011110383	1.255546327	1.298592036	1.39448252	1.403715431	
6.625739414	-0.2529727545	-0.2662921334	-0.4649854161	-0.5024243586	-0.6817213943	-0.6906326012	-0.722229506	-0.7745153717	-0.8684882488	-0.8902520736	0.2732548239	0.2787902422	0.8659980216	0.9076092109	0.9938766433	1.00208442	1.24203546	1.282670158	1.383371262	1.391950376	
6.699358741	-0.250385	-0.2643975199	-0.4493215187	-0.4913088678	-0.6816565519	-0.6945649779	-0.7253864337	-0.7675426064	-0.860794022	-0.8821116083	0.2243333537	0.2315294654	0.8661632436	0.9045588312	0.9856507904	0.9936654765	1.229516947	1.266991773	1.373224152	1.381374044	
6.772978067	-0.2476175641	-0.2621139723	-0.4319566343	-0.4781826262	-0.6828027492	-0.6983145446	-0.7280073536	-0.7591359151	-0.8531594808	-0.8730995193	0.1754107546	0.184365525	0.8667435887	0.9014705997	0.9783275272	0.9859232427	1.218228518	1.251960488	1.364113982	1.37187046	
6.846597394	-0.244464915	-0.2591152339	-0.4131452928	-0.4625717147	-0.6849998449	-0.7015388156	-0.7294378217	-0.7493912499	-0.8462653989	-0.8635511639	0.1268658378	0.1375916861	0.8677176297	0.8983548237	0.9719661498	0.978927711	1.208381783	1.237928918	1.356122374	1.36337759	
6.920216721	-0.2406263379	-0.2548427855	-0.393598062	-0.4442245272	-0.6879693992	-0.7038531044	-0.7291804143	-0.7391717561	-0.8406833083	-0.854242276	0.07924450274	0.09161041594	0.8690597371	0.8952254953	0.9666178675	0.9727477161	1.200158904	1.225191487	1.349333574	1.355890025	
6.993836048	-0.2356702787	-0.2483961042	-0.3747369337	-0.423416396	-0.6913513339	-0.7048133708	-0.7271045292	-0.7300156503	-0.8366193284	-0.846146299	0.03338591743	0.04701327388	0.8707404519	0.8921006441	0.9623247237	0.967449167	1.193711183	1.213986697	1.343826913	1.349448495	
7.067455375	-0.2290567255	-0.2386784232	-0.3588258968	-0.401267012	-0.6947112299	-0.704108833	-0.7234257855	-0.7236798701	-0.833948516	-0.8399500033	-0.009309104806	0.004756165081	0.8727269925	0.8890026403	0.9591186679	0.9630930895	1.18915879	1.204502656	1.339669518	1.344123633	
7.141074701	-0.2204665543	-0.2255216867	-0.3484528351	-0.3798724546	-0.697528824	-0.7023187558	-0.7196432349	-0.7200023675	-0.8324168996	-0.8357668337	-0.04625484855	-0.03341055025	0.8749838814	0.8859582915	0.9570208246	0.959733674	1.186591016	1.196882798	1.336910251	1.339999049	
7.214694028	-0.2111125062	-0.2121712014	-0.3453574594	-0.3619654889	-0.6992932681	-0.7008007268	-0.7174364471	-0.7176224489	-0.8318128903	-0.8332789713	-0.07232439315	-0.06384931181	0.8774737082	0.882998591	0.9560409911	0.9574165389	1.186066629	1.19123074	1.335575324	1.337156682	
7.288313355	-0.2062320435	-0.2062320435	-0.3499986424	-0.3499986424	-0.7000555837	-0.7000555837	-0.7167578679	-0.7167578679	-0.8320628462	-0.8320628462	-0.07927644501	-0.07927644501	0.8801580547	0.8801580547	0.9561773701	0.9561773701	1.187613994	1.187613994	1.335665742	1.335665742	
7.370874259	-0.2066711535	-0.2066711535	-0.3603683382	-0.3603683382	-0.691743905	-0.691743905	-0.7263294008	-0.7263294008	-0.8329583779	-0.8329583779	-0.06627914779	-0.06627914778	0.8542482468	0.8542482468	0.9782470196	0.9782470197	1.187563708	1.187563708	1.338198119	1.338198119	
7.453435163	-0.2075102585	-0.2075102585	-0.3865195123	-0.3865195124	-0.6798464005	-0.6798464005	-0.7419578074	-0.7419578075	-0.8354567523	-0.8354567523	-0.03253348204	-0.03253348201	0.8063150401	0.8063150401	1.014539346	1.014539346	1.187413763	1.187413763	1.345722834	1.345722834	
7.535996067	-0.2082986948	-0.2082986949	-0.4196650132	-0.4196650133	-0.6692678189	-0.6692678189	-0.7584831218	-0.7584831219	-0.8391468899	-0.8391468899	0.0132707405	0.01327074053	0.75273427	0.75273427	1.048454295	1.048454295	1.187167772	1.187167772	1.357787098	1.357787098	
7.618556971	-0.2089835411	-0.2089835411	-0.4532627554	-0.4532627555	-0.6608566555	-0.6608566555	-0.7742008724	-0.7742008725	-0.8440741773	-0.8440741774	0.06534987233	0.06534987236	0.6967700467	0.6967700467	1.076759207	1.076759207	1.186834805	1.186834805	1.372896565	1.372896565	
7.701117875	-0.2095837259	-0.2095837259	-0.4831979934	-0.4831979935	-0.6550625855	-0.6550625855	-0.7866707044	-0.7866707045	-0.8518497219	-0.851849722	0.1204216106	0.1204216106	0.6398285016	0.6398285016	1.098734391	1.098734391	1.186434366	1.186434366	1.387960535	1.387960535	
7.783678778	-0.2100936609	-0.2100936609	-0.5069586753	-0.5069586754	-0.6520394258	-0.6520394258	-0.7935425248	-0.7935425249	-0.8648160458	-0.8648160458	0.1761896201	0.1761896202	0.5832088719	0.5832088719	1.114681279	1.114681279	1.18600326	1.18600326	1.399667892	1.399667892	
7.866239682	-0.2104886359	-0.210488636	-0.5234221068	-0.5234221069	-0.6513613318	-0.6513613318	-0.7954596139	-0.7954596139	-0.8823823182	-0.8823823182	0.2299223441	0.2299223442	0.5291233287	0.5291233287	1.125331939	1.125331939	1.185601455	1.185601455	1.407253936	1.407253936	
7.948800586	-0.2107400497	-0.2107400497	-0.5327489648	-0.5327489648	-0.6518823641	-0.6518823641	-0.7951910606	-0.7951910606	-0.9002080698	-0.9002080698	0.2755444979	0.2755444979	0.4833761798	0.4833761798	1.131407453	1.131407453	1.185308597	1.185308597	1.41157412	1.41157412	
8.03136149	-0.2108264701	-0.2108264701	-0.5357200943	-0.5357200943	-0.6522570229	-0.6522570229	-0.794862826	-0.794862826	-0.9090903529	-0.9090903529	0.296303577	0.296303577	0.4625885472	0.4625885472	1.133379924	1.133379924	1.185200242	1.185200242	1.413021296	1.413021296	
