# ASCII 1D datafile generated by TiberCAD
# x LatticeTemp ThermalFlux_x ThermalFlux_y ThermalFlux_z HeatSource ThermCond_x ThermCond_y ThermCond_z 
-1000 300 -120.496 0 0 505.061 1.5 1.5 1.5 
-990.043 300.08 -120.246 0 0 505.061 1.5 1.5 1.5 
-980.185 300.159 -119.748 0 0 505.061 1.5 1.5 1.5 
-970.425 300.237 -119.255 0 0 505.061 1.5 1.5 1.5 
-960.761 300.313 -118.767 0 0 505.061 1.5 1.5 1.5 
-951.193 300.389 -118.283 0 0 505.061 1.5 1.5 1.5 
-941.721 300.463 -117.805 0 0 505.061 1.5 1.5 1.5 
-932.342 300.537 -117.331 0 0 505.061 1.5 1.5 1.5 
-923.056 300.609 -116.862 0 0 505.061 1.5 1.5 1.5 
-913.862 300.681 -116.398 0 0 505.061 1.5 1.5 1.5 
-904.759 300.751 -115.938 0 0 505.061 1.5 1.5 1.5 
-895.747 300.821 -115.483 0 0 505.061 1.5 1.5 1.5 
-886.824 300.889 -115.032 0 0 505.061 1.5 1.5 1.5 
-877.989 300.957 -114.586 0 0 505.061 1.5 1.5 1.5 
-869.243 301.024 -114.144 0 0 505.061 1.5 1.5 1.5 
-860.582 301.09 -113.707 0 0 505.061 1.5 1.5 1.5 
-852.008 301.154 -113.274 0 0 505.061 1.5 1.5 1.5 
-843.519 301.218 -112.845 0 0 505.061 1.5 1.5 1.5 
-835.114 301.282 -112.421 0 0 505.061 1.5 1.5 1.5 
-826.792 301.344 -112 0 0 505.061 1.5 1.5 1.5 
-818.553 301.405 -111.584 0 0 505.061 1.5 1.5 1.5 
-810.396 301.466 -111.172 0 0 505.061 1.5 1.5 1.5 
-802.319 301.526 -110.764 0 0 505.061 1.5 1.5 1.5 
-794.323 301.584 -110.36 0 0 505.061 1.5 1.5 1.5 
-786.406 301.643 -109.961 0 0 505.061 1.5 1.5 1.5 
-778.567 301.7 -109.565 0 0 505.061 1.5 1.5 1.5 
-770.806 301.757 -109.173 0 0 505.061 1.5 1.5 1.5 
-763.122 301.812 -108.785 0 0 505.061 1.5 1.5 1.5 
-755.514 301.867 -108.4 0 0 505.061 1.5 1.5 1.5 
-747.982 301.922 -108.02 0 0 505.061 1.5 1.5 1.5 
-740.524 301.975 -107.643 0 0 505.061 1.5 1.5 1.5 
-733.141 302.028 -107.27 0 0 505.061 1.5 1.5 1.5 
-725.83 302.08 -106.901 0 0 505.061 1.5 1.5 1.5 
-718.592 302.132 -106.535 0 0 505.061 1.5 1.5 1.5 
-711.426 302.183 -106.174 0 0 505.061 1.5 1.5 1.5 
-704.331 302.233 -105.815 0 0 505.061 1.5 1.5 1.5 
-697.307 302.282 -105.46 0 0 505.061 1.5 1.5 1.5 
-690.352 302.331 -105.109 0 0 505.061 1.5 1.5 1.5 
-683.465 302.379 -104.761 0 0 505.061 1.5 1.5 1.5 
-676.648 302.427 -104.417 0 0 505.061 1.5 1.5 1.5 
-669.898 302.474 -104.076 0 0 505.061 1.5 1.5 1.5 
-663.214 302.52 -103.738 0 0 505.061 1.5 1.5 1.5 
-656.597 302.566 -103.404 0 0 505.061 1.5 1.5 1.5 
-650.046 302.611 -103.073 0 0 505.061 1.5 1.5 1.5 
-643.56 302.655 -102.746 0 0 505.061 1.5 1.5 1.5 
-637.138 302.699 -102.421 0 0 505.061 1.5 1.5 1.5 
-630.779 302.743 -102.1 0 0 505.061 1.5 1.5 1.5 
-624.484 302.785 -101.782 0 0 505.061 1.5 1.5 1.5 
-618.251 302.828 -101.467 0 0 505.061 1.5 1.5 1.5 
-612.08 302.869 -101.156 0 0 505.061 1.5 1.5 1.5 
-605.97 302.91 -100.847 0 0 505.061 1.5 1.5 1.5 
-599.921 302.951 -100.542 0 0 505.061 1.5 1.5 1.5 
-593.932 302.991 -100.239 0 0 505.061 1.5 1.5 1.5 
-588.002 303.031 -99.9397 0 0 505.061 1.5 1.5 1.5 
-582.131 303.07 -99.6431 0 0 505.061 1.5 1.5 1.5 
-576.318 303.108 -99.3495 0 0 505.061 1.5 1.5 1.5 
-570.563 303.146 -99.0589 0 0 505.061 1.5 1.5 1.5 
-564.865 303.184 -98.7711 0 0 505.061 1.5 1.5 1.5 
-559.223 303.221 -98.4861 0 0 505.061 1.5 1.5 1.5 
-553.637 303.258 -98.204 0 0 505.061 1.5 1.5 1.5 
-548.107 303.294 -97.9247 0 0 505.061 1.5 1.5 1.5 
-542.632 303.33 -97.6481 0 0 505.061 1.5 1.5 1.5 
-537.211 303.365 -97.3743 0 0 505.061 1.5 1.5 1.5 
-531.843 303.4 -97.1032 0 0 505.061 1.5 1.5 1.5 
-526.529 303.434 -96.8348 0 0 505.061 1.5 1.5 1.5 
-521.268 303.468 -96.5691 0 0 505.061 1.5 1.5 1.5 
-516.058 303.501 -96.306 0 0 505.061 1.5 1.5 1.5 
-510.901 303.534 -96.0455 0 0 505.061 1.5 1.5 1.5 
-505.794 303.567 -95.7876 0 0 505.061 1.5 1.5 1.5 
-500.739 303.599 -95.5322 0 0 505.061 1.5 1.5 1.5 
-495.733 303.631 -95.2794 0 0 505.061 1.5 1.5 1.5 
-490.777 303.663 -95.0291 0 0 505.061 1.5 1.5 1.5 
-485.87 303.694 -94.7813 0 0 505.061 1.5 1.5 1.5 
-481.012 303.724 -94.5359 0 0 505.061 1.5 1.5 1.5 
-476.202 303.755 -94.2929 0 0 505.061 1.5 1.5 1.5 
-471.439 303.784 -94.0524 0 0 505.061 1.5 1.5 1.5 
-466.724 303.814 -93.8143 0 0 505.061 1.5 1.5 1.5 
-462.056 303.843 -93.5785 0 0 505.061 1.5 1.5 1.5 
-457.434 303.872 -93.345 0 0 505.061 1.5 1.5 1.5 
-452.858 303.9 -93.1139 0 0 505.061 1.5 1.5 1.5 
-448.327 303.928 -92.8851 0 0 505.061 1.5 1.5 1.5 
-443.841 303.956 -92.6585 0 0 505.061 1.5 1.5 1.5 
-439.399 303.984 -92.4342 0 0 505.061 1.5 1.5 1.5 
-435.002 304.011 -92.2121 0 0 505.061 1.5 1.5 1.5 
-430.648 304.037 -91.9922 0 0 505.061 1.5 1.5 1.5 
-426.338 304.064 -91.7745 0 0 505.061 1.5 1.5 1.5 
-422.07 304.09 -91.5589 0 0 505.061 1.5 1.5 1.5 
-417.844 304.116 -91.3455 0 0 505.061 1.5 1.5 1.5 
-413.661 304.141 -91.1342 0 0 505.061 1.5 1.5 1.5 
-409.519 304.166 -90.925 0 0 505.061 1.5 1.5 1.5 
-405.418 304.191 -90.7178 0 0 505.061 1.5 1.5 1.5 
-401.357 304.216 -90.5128 0 0 505.061 1.5 1.5 1.5 
-397.337 304.24 -90.3097 0 0 505.061 1.5 1.5 1.5 
-393.357 304.264 -90.1087 0 0 505.061 1.5 1.5 1.5 
-389.416 304.287 -89.9096 0 0 505.061 1.5 1.5 1.5 
-385.515 304.311 -89.7126 0 0 505.061 1.5 1.5 1.5 
-381.652 304.334 -89.5175 0 0 505.061 1.5 1.5 1.5 
-377.827 304.357 -89.3243 0 0 505.061 1.5 1.5 1.5 
-374.04 304.379 -89.133 0 0 505.061 1.5 1.5 1.5 
-370.291 304.401 -88.9437 0 0 505.061 1.5 1.5 1.5 
-366.579 304.423 -88.7562 0 0 505.061 1.5 1.5 1.5 
-362.904 304.445 -88.5706 0 0 505.061 1.5 1.5 1.5 
-359.265 304.467 -88.3868 0 0 505.061 1.5 1.5 1.5 
-355.662 304.488 -88.2048 0 0 505.061 1.5 1.5 1.5 
-352.095 304.509 -88.0247 0 0 505.062 1.5 1.5 1.5 
-348.564 304.53 -87.8463 0 0 505.062 1.5 1.5 1.5 
-345.067 304.55 -87.6697 0 0 505.062 1.5 1.5 1.5 
-341.605 304.57 -87.4948 0 0 505.062 1.5 1.5 1.5 
-338.178 304.59 -87.3217 0 0 505.063 1.5 1.5 1.5 
-334.784 304.61 -87.1503 0 0 505.063 1.5 1.5 1.5 
-331.424 304.629 -86.9806 0 0 505.063 1.5 1.5 1.5 
-328.098 304.649 -86.8126 0 0 505.064 1.5 1.5 1.5 
-324.804 304.668 -86.6463 0 0 505.064 1.5 1.5 1.5 
-321.543 304.687 -86.4816 0 0 505.065 1.5 1.5 1.5 
-318.315 304.705 -86.3185 0 0 505.066 1.5 1.5 1.5 
-315.118 304.723 -86.157 0 0 505.067 1.5 1.5 1.5 
-311.953 304.742 -85.9972 0 0 505.068 1.5 1.5 1.5 
-308.82 304.76 -85.8389 0 0 505.069 1.5 1.5 1.5 
-305.717 304.777 -85.6822 0 0 505.071 1.5 1.5 1.5 
-302.646 304.795 -85.5271 0 0 505.072 1.5 1.5 1.5 
-299.605 304.812 -85.3735 0 0 505.074 1.5 1.5 1.5 
-296.594 304.829 -85.2214 0 0 505.076 1.5 1.5 1.5 
-293.612 304.846 -85.0708 0 0 505.079 1.5 1.5 1.5 
-290.661 304.863 -84.9217 0 0 505.082 1.5 1.5 1.5 
-287.739 304.879 -84.7741 0 0 505.085 1.5 1.5 1.5 
-284.845 304.896 -84.628 0 0 505.089 1.5 1.5 1.5 
-281.98 304.912 -84.4833 0 0 505.094 1.5 1.5 1.5 
-279.144 304.928 -84.34 0 0 505.099 1.5 1.5 1.5 
-276.336 304.944 -84.1982 0 0 505.104 1.5 1.5 1.5 
-273.556 304.959 -84.0577 0 0 505.111 1.5 1.5 1.5 
-270.803 304.975 -83.9187 0 0 505.118 1.5 1.5 1.5 
-268.078 304.99 -83.781 0 0 505.127 1.5 1.5 1.5 
-265.379 305.005 -83.6447 0 0 505.136 1.5 1.5 1.5 
-262.708 305.02 -83.5098 0 0 505.147 1.5 1.5 1.5 
-260.063 305.035 -83.3761 0 0 505.159 1.5 1.5 1.5 
-257.444 305.049 -83.2438 0 0 505.173 1.5 1.5 1.5 
-254.851 305.064 -83.1129 0 0 505.188 1.5 1.5 1.5 
-252.284 305.078 -82.9832 0 0 505.206 1.5 1.5 1.5 
-249.742 305.092 -82.8547 0 0 505.225 1.5 1.5 1.5 
-247.226 305.106 -82.7276 0 0 505.247 1.5 1.5 1.5 
-244.734 305.119 -82.6017 0 0 505.272 1.5 1.5 1.5 
-242.267 305.133 -82.4771 0 0 505.299 1.5 1.5 1.5 
-239.825 305.146 -82.3536 0 0 505.33 1.5 1.5 1.5 
-237.406 305.16 -82.2314 0 0 505.365 1.5 1.5 1.5 
-235.012 305.173 -82.1104 0 0 505.403 1.5 1.5 1.5 
-232.642 305.186 -81.9906 0 0 505.446 1.5 1.5 1.5 
-230.295 305.199 -81.872 0 0 505.493 1.5 1.5 1.5 
-227.971 305.211 -81.7545 0 0 505.546 1.5 1.5 1.5 
-225.671 305.224 -81.6382 0 0 505.605 1.5 1.5 1.5 
-223.393 305.236 -81.523 0 0 505.67 1.5 1.5 1.5 
-221.138 305.248 -81.409 0 0 505.742 1.5 1.5 1.5 
-218.905 305.261 -81.296 0 0 505.822 1.5 1.5 1.5 
-216.694 305.273 -81.1842 0 0 505.911 1.5 1.5 1.5 
-214.505 305.284 -81.0734 0 0 506.008 1.5 1.5 1.5 
-212.338 305.296 -80.9638 0 0 506.115 1.5 1.5 1.5 
-210.193 305.308 -80.8552 0 0 506.234 1.5 1.5 1.5 
-208.068 305.319 -80.7476 0 0 506.364 1.5 1.5 1.5 
-205.965 305.33 -80.6411 0 0 506.507 1.5 1.5 1.5 
-203.883 305.342 -80.5356 0 0 506.664 1.5 1.5 1.5 
-201.821 305.353 -80.4311 0 0 506.837 1.5 1.5 1.5 
-199.78 305.364 -80.3276 0 0 507.026 1.5 1.5 1.5 
-197.758 305.374 -80.2251 0 0 507.233 1.5 1.5 1.5 
-195.757 305.385 -80.1236 0 0 507.459 1.5 1.5 1.5 
-193.776 305.396 -80.0231 0 0 507.706 1.5 1.5 1.5 
-191.815 305.406 -79.9234 0 0 507.976 1.5 1.5 1.5 
-189.873 305.416 -79.8248 0 0 508.27 1.5 1.5 1.5 
-187.95 305.427 -79.727 0 0 508.59 1.5 1.5 1.5 
-186.046 305.437 -79.6301 0 0 508.939 1.5 1.5 1.5 
-184.161 305.447 -79.5342 0 0 509.318 1.5 1.5 1.5 
-182.295 305.457 -79.4391 0 0 509.73 1.5 1.5 1.5 
-180.448 305.466 -79.3449 0 0 510.176 1.5 1.5 1.5 
-178.618 305.476 -79.2515 0 0 510.661 1.5 1.5 1.5 
-176.807 305.486 -79.1589 0 0 511.185 1.5 1.5 1.5 
-175.014 305.495 -79.0672 0 0 511.753 1.5 1.5 1.5 
-173.238 305.505 -78.9763 0 0 512.367 1.5 1.5 1.5 
-171.481 305.514 -78.8862 0 0 513.03 1.5 1.5 1.5 
-169.74 305.523 -78.7968 0 0 513.746 1.5 1.5 1.5 
-168.017 305.532 -78.7082 0 0 514.518 1.5 1.5 1.5 
-166.311 305.541 -78.6204 0 0 515.35 1.5 1.5 1.5 
-164.622 305.55 -78.5333 0 0 516.245 1.5 1.5 1.5 
-162.949 305.559 -78.4468 0 0 517.209 1.5 1.5 1.5 
-161.294 305.567 -78.3611 0 0 518.244 1.5 1.5 1.5 
-159.654 305.576 -78.2761 0 0 519.356 1.5 1.5 1.5 
-158.031 305.584 -78.1917 0 0 520.549 1.5 1.5 1.5 
-156.424 305.593 -78.1079 0 0 521.828 1.5 1.5 1.5 
-154.833 305.601 -78.0248 0 0 523.198 1.5 1.5 1.5 
-153.258 305.609 -77.9422 0 0 524.665 1.5 1.5 1.5 
-151.698 305.617 -77.8603 0 0 526.234 1.5 1.5 1.5 
-150.154 305.625 -77.7789 0 0 527.911 1.5 1.5 1.5 
-148.625 305.633 -77.698 0 0 529.702 1.5 1.5 1.5 
-147.111 305.641 -77.6177 0 0 531.613 1.5 1.5 1.5 
-145.612 305.649 -77.5379 0 0 533.651 1.5 1.5 1.5 
-144.128 305.656 -77.4585 0 0 535.823 1.5 1.5 1.5 
-142.659 305.664 -77.3796 0 0 538.135 1.5 1.5 1.5 
-141.205 305.671 -77.3012 0 0 540.596 1.5 1.5 1.5 
-139.765 305.679 -77.2231 0 0 543.212 1.5 1.5 1.5 
-138.339 305.686 -77.1455 0 0 545.992 1.5 1.5 1.5 
-136.927 305.693 -77.0682 0 0 548.943 1.5 1.5 1.5 
-135.529 305.701 -76.9912 0 0 552.075 1.5 1.5 1.5 
-134.145 305.708 -76.9146 0 0 555.395 1.5 1.5 1.5 
-132.775 305.715 -76.8382 0 0 558.913 1.5 1.5 1.5 
-131.419 305.722 -76.7622 0 0 562.638 1.5 1.5 1.5 
-130.076 305.729 -76.6863 0 0 566.58 1.5 1.5 1.5 
-128.746 305.735 -76.6107 0 0 570.748 1.5 1.5 1.5 
-127.429 305.742 -76.5353 0 0 575.153 1.5 1.5 1.5 
-126.126 305.749 -76.46 0 0 579.804 1.5 1.5 1.5 
-124.835 305.755 -76.3849 0 0 584.713 1.5 1.5 1.5 
-123.557 305.762 -76.3098 0 0 589.89 1.5 1.5 1.5 
-122.292 305.768 -76.2348 0 0 595.347 1.5 1.5 1.5 
-121.039 305.775 -76.1599 0 0 601.096 1.5 1.5 1.5 
-119.799 305.781 -76.085 0 0 607.147 1.5 1.5 1.5 
-118.571 305.787 -76.01 0 0 613.514 1.5 1.5 1.5 
-117.356 305.793 -75.935 0 0 620.208 1.5 1.5 1.5 
-116.152 305.799 -75.86 0 0 627.243 1.5 1.5 1.5 
-114.96 305.805 -75.7848 0 0 634.63 1.5 1.5 1.5 
-113.78 305.811 -75.7094 0 0 642.384 1.5 1.5 1.5 
-112.612 305.817 -75.6339 0 0 650.518 1.5 1.5 1.5 
-111.456 305.823 -75.5582 0 0 659.045 1.5 1.5 1.5 
-110.31 305.829 -75.4822 0 0 667.979 1.5 1.5 1.5 
-109.177 305.835 -75.4059 0 0 677.334 1.5 1.5 1.5 
-108.054 305.84 -75.3293 0 0 687.126 1.5 1.5 1.5 
-106.943 305.846 -75.2524 0 0 697.368 1.5 1.5 1.5 
-105.842 305.851 -75.1751 0 0 708.075 1.5 1.5 1.5 
-104.753 305.857 -75.0973 0 0 719.264 1.5 1.5 1.5 
-103.674 305.862 -75.0191 0 0 730.947 1.5 1.5 1.5 
-102.606 305.867 -74.9404 0 0 743.143 1.5 1.5 1.5 
-101.549 305.873 -74.8611 0 0 755.865 1.5 1.5 1.5 
-100.502 305.878 -74.7813 0 0 769.13 1.5 1.5 1.5 
-99.4655 305.883 -74.7009 0 0 782.955 1.5 1.5 1.5 
-98.4392 305.888 -74.6198 0 0 797.354 1.5 1.5 1.5 
-97.4232 305.893 -74.538 0 0 812.345 1.5 1.5 1.5 
-96.4172 305.898 -74.4555 0 0 827.944 1.5 1.5 1.5 
-95.4212 305.903 -74.3722 0 0 844.168 1.5 1.5 1.5 
-94.4351 305.908 -74.2882 0 0 861.034 1.5 1.5 1.5 
-93.4587 305.913 -74.2032 0 0 878.558 1.5 1.5 1.5 
-92.4921 305.918 -74.1174 0 0 896.757 1.5 1.5 1.5 
-91.535 305.922 -74.0307 0 0 915.649 1.5 1.5 1.5 
-90.5874 305.927 -73.943 0 0 935.251 1.5 1.5 1.5 
-89.6492 305.932 -73.8543 0 0 955.58 1.5 1.5 1.5 
-88.7204 305.936 -73.7646 0 0 976.652 1.5 1.5 1.5 
-87.8007 305.941 -73.6738 0 0 998.487 1.5 1.5 1.5 
-86.8901 305.945 -73.5818 0 0 1021.1 1.5 1.5 1.5 
-85.9886 305.95 -73.4887 0 0 1044.51 1.5 1.5 1.5 
-85.096 305.954 -73.3944 0 0 1068.73 1.5 1.5 1.5 
-84.2123 305.958 -73.2989 0 0 1093.79 1.5 1.5 1.5 
-83.3373 305.963 -73.202 0 0 1119.69 1.5 1.5 1.5 
-82.4711 305.967 -73.1039 0 0 1146.45 1.5 1.5 1.5 
-81.6134 305.971 -73.0044 0 0 1174.1 1.5 1.5 1.5 
-80.7642 305.975 -72.9034 0 0 1202.65 1.5 1.5 1.5 
-79.9234 305.979 -72.8011 0 0 1232.12 1.5 1.5 1.5 
-79.091 305.983 -72.6973 0 0 1262.52 1.5 1.5 1.5 
-78.2668 305.987 -72.5919 0 0 1293.87 1.5 1.5 1.5 
-77.4508 305.991 -72.485 0 0 1326.19 1.5 1.5 1.5 
-76.6429 305.995 -72.3765 0 0 1359.49 1.5 1.5 1.5 
-75.843 305.999 -72.2664 0 0 1393.79 1.5 1.5 1.5 
-75.051 306.003 -72.1546 0 0 1429.11 1.5 1.5 1.5 
-74.2669 306.007 -72.0412 0 0 1465.46 1.5 1.5 1.5 
-73.4906 306.01 -71.926 0 0 1502.85 1.5 1.5 1.5 
-72.7219 306.014 -71.809 0 0 1541.32 1.5 1.5 1.5 
-71.9609 306.018 -71.6902 0 0 1580.86 1.5 1.5 1.5 
-71.2075 306.021 -71.5695 0 0 1621.5 1.5 1.5 1.5 
-70.4615 306.025 -71.447 0 0 1663.24 1.5 1.5 1.5 
-69.7229 306.028 -71.3226 0 0 1706.11 1.5 1.5 1.5 
-68.9916 306.032 -71.1962 0 0 1750.12 1.5 1.5 1.5 
-68.2676 306.035 -71.0679 0 0 1795.29 1.5 1.5 1.5 
-67.5507 306.039 -70.9375 0 0 1841.62 1.5 1.5 1.5 
-66.841 306.042 -70.8052 0 0 1889.13 1.5 1.5 1.5 
-66.1383 306.045 -70.6707 0 0 1937.83 1.5 1.5 1.5 
-65.4426 306.049 -70.5342 0 0 1987.74 1.5 1.5 1.5 
-64.7538 306.052 -70.3955 0 0 2038.87 1.5 1.5 1.5 
-64.0718 306.055 -70.2547 0 0 2091.23 1.5 1.5 1.5 
-63.3965 306.058 -70.1116 0 0 2144.84 1.5 1.5 1.5 
-62.728 306.061 -69.9664 0 0 2199.7 1.5 1.5 1.5 
-62.0661 306.064 -69.819 0 0 2255.83 1.5 1.5 1.5 
-61.4108 306.067 -69.6693 0 0 2313.23 1.5 1.5 1.5 
-60.7619 306.07 -69.5173 0 0 2371.92 1.5 1.5 1.5 
-60.1195 306.073 -69.363 0 0 2431.91 1.5 1.5 1.5 
-59.4835 306.076 -69.2064 0 0 2493.2 1.5 1.5 1.5 
-58.8538 306.079 -69.0474 0 0 2555.81 1.5 1.5 1.5 
-58.2303 306.082 -68.8861 0 0 2619.74 1.5 1.5 1.5 
-57.613 306.085 -68.7223 0 0 2685.01 1.5 1.5 1.5 
-57.0018 306.088 -68.5562 0 0 2751.62 1.5 1.5 1.5 
-56.3967 306.09 -68.3877 0 0 2819.57 1.5 1.5 1.5 
-55.7976 306.093 -68.2167 0 0 2888.88 1.5 1.5 1.5 
-55.2044 306.096 -68.0432 0 0 2959.56 1.5 1.5 1.5 
-54.6171 306.099 -67.8673 0 0 3031.6 1.5 1.5 1.5 
-54.0356 306.101 -67.6889 0 0 3105.01 1.5 1.5 1.5 
-53.4599 306.104 -67.508 0 0 3179.8 1.5 1.5 1.5 
-52.8899 306.106 -67.3246 0 0 3255.97 1.5 1.5 1.5 
-52.3256 306.109 -67.1387 0 0 3333.53 1.5 1.5 1.5 
-51.7669 306.111 -66.9502 0 0 3412.48 1.5 1.5 1.5 
-51.2137 306.114 -66.7592 0 0 3492.82 1.5 1.5 1.5 
-50.6659 306.116 -66.5657 0 0 3574.57 1.5 1.5 1.5 
-50.1237 306.119 -66.3696 0 0 3657.7 1.5 1.5 1.5 
-49.5868 306.121 -66.171 0 0 3742.24 1.5 1.5 1.5 
-49.0552 306.123 -65.9698 0 0 3828.18 1.5 1.5 1.5 
-48.5289 306.126 -65.766 0 0 3915.53 1.5 1.5 1.5 
-48.0078 306.128 -65.5597 0 0 4004.27 1.5 1.5 1.5 
-47.4919 306.13 -65.3508 0 0 4094.42 1.5 1.5 1.5 
-46.9811 306.132 -65.1393 0 0 4185.97 1.5 1.5 1.5 
-46.4753 306.135 -64.9253 0 0 4278.92 1.5 1.5 1.5 
-45.9746 306.137 -64.7086 0 0 4373.27 1.5 1.5 1.5 
-45.4788 306.139 -64.4895 0 0 4469.02 1.5 1.5 1.5 
-44.988 306.141 -64.2677 0 0 4566.16 1.5 1.5 1.5 
-44.502 306.143 -64.0435 0 0 4664.7 1.5 1.5 1.5 
-44.0209 306.145 -63.8166 0 0 4764.62 1.5 1.5 1.5 
-43.5445 306.147 -63.5872 0 0 4865.92 1.5 1.5 1.5 
-43.0728 306.149 -63.3553 0 0 4968.6 1.5 1.5 1.5 
-42.6058 306.151 -63.1209 0 0 5072.66 1.5 1.5 1.5 
-42.1435 306.153 -62.8839 0 0 5178.09 1.5 1.5 1.5 
-41.6857 306.155 -62.6445 0 0 5284.88 1.5 1.5 1.5 
-41.2325 306.157 -62.4025 0 0 5393.02 1.5 1.5 1.5 
-40.7838 306.159 -62.1581 0 0 5502.52 1.5 1.5 1.5 
-40.3395 306.161 -61.9111 0 0 5613.36 1.5 1.5 1.5 
-39.8996 306.162 -61.6618 0 0 5725.53 1.5 1.5 1.5 
-39.4641 306.164 -61.41 0 0 5839.03 1.5 1.5 1.5 
-39.0329 306.166 -61.1557 0 0 5953.85 1.5 1.5 1.5 
-38.606 306.168 -60.8991 0 0 6069.98 1.5 1.5 1.5 
-38.1833 306.169 -60.64 0 0 6187.41 1.5 1.5 1.5 
-37.7648 306.171 -60.3786 0 0 6306.13 1.5 1.5 1.5 
-37.3505 306.173 -60.1149 0 0 6426.13 1.5 1.5 1.5 
-36.9402 306.174 -59.8488 0 0 6547.4 1.5 1.5 1.5 
-36.5341 306.176 -59.5804 0 0 6669.94 1.5 1.5 1.5 
-36.1319 306.178 -59.3097 0 0 6793.72 1.5 1.5 1.5 
-35.7338 306.179 -59.0367 0 0 6918.74 1.5 1.5 1.5 
-35.3396 306.181 -58.7615 0 0 7044.98 1.5 1.5 1.5 
-34.9493 306.182 -58.4841 0 0 7172.43 1.5 1.5 1.5 
-34.5629 306.184 -58.2044 0 0 7301.09 1.5 1.5 1.5 
-34.1803 306.185 -57.9226 0 0 7430.93 1.5 1.5 1.5 
-33.8015 306.187 -57.6387 0 0 7561.95 1.5 1.5 1.5 
-33.4264 306.188 -57.3526 0 0 7694.12 1.5 1.5 1.5 
-33.0551 306.19 -57.0645 0 0 7827.45 1.5 1.5 1.5 
-32.6875 306.191 -56.7742 0 0 7961.9 1.5 1.5 1.5 
-32.3235 306.192 -56.482 0 0 8097.48 1.5 1.5 1.5 
-31.9631 306.194 -56.1877 0 0 8234.15 1.5 1.5 1.5 
-31.6063 306.195 -55.8915 0 0 8371.92 1.5 1.5 1.5 
-31.253 306.196 -55.5933 0 0 8510.76 1.5 1.5 1.5 
-30.9033 306.198 -55.2932 0 0 8650.65 1.5 1.5 1.5 
-30.557 306.199 -54.9912 0 0 8791.59 1.5 1.5 1.5 
-30.2141 306.2 -54.6873 0 0 8933.55 1.5 1.5 1.5 
-29.8747 306.201 -54.3816 0 0 9076.52 1.5 1.5 1.5 
-29.5386 306.203 -54.0742 0 0 9220.49 1.5 1.5 1.5 
-29.2058 306.204 -53.765 0 0 9365.43 1.5 1.5 1.5 
-28.8763 306.205 -53.454 0 0 9511.33 1.5 1.5 1.5 
-28.5501 306.206 -53.1414 0 0 9658.17 1.5 1.5 1.5 
-28.2272 306.207 -52.8271 0 0 9805.94 1.5 1.5 1.5 
-27.9074 306.208 -52.5112 0 0 9954.62 1.5 1.5 1.5 
-27.5908 306.21 -52.1937 0 0 10104.2 1.5 1.5 1.5 
-27.2774 306.211 -51.8746 0 0 10254.6 1.5 1.5 1.5 
-26.9671 306.212 -51.554 0 0 10405.9 1.5 1.5 1.5 
-26.6598 306.213 -51.232 0 0 10558 1.5 1.5 1.5 
-26.3556 306.214 -50.9085 0 0 10711 1.5 1.5 1.5 
-26.0544 306.215 -50.5836 0 0 10864.7 1.5 1.5 1.5 
-25.7562 306.216 -50.2573 0 0 11019.3 1.5 1.5 1.5 
-25.4609 306.217 -49.9296 0 0 11174.6 1.5 1.5 1.5 
-25.1686 306.218 -49.6007 0 0 11330.6 1.5 1.5 1.5 
-24.8792 306.219 -49.2705 0 0 11487.4 1.5 1.5 1.5 
-24.5926 306.22 -48.9391 0 0 11644.9 1.5 1.5 1.5 
-24.3089 306.221 -48.6065 0 0 11803 1.5 1.5 1.5 
-24.028 306.221 -48.2727 0 0 11961.9 1.5 1.5 1.5 
-23.7499 306.222 -47.9378 0 0 12121.3 1.5 1.5 1.5 
-23.4745 306.223 -47.6019 0 0 12281.5 1.5 1.5 1.5 
-23.2019 306.224 -47.2649 0 0 12442.2 1.5 1.5 1.5 
-22.932 306.225 -46.9269 0 0 12603.5 1.5 1.5 1.5 
-22.6647 306.226 -46.5879 0 0 12765.4 1.5 1.5 1.5 
-22.4001 306.227 -46.248 0 0 12927.9 1.5 1.5 1.5 
-22.1382 306.227 -45.9072 0 0 13090.9 1.5 1.5 1.5 
-21.8788 306.228 -45.5656 0 0 13254.4 1.5 1.5 1.5 
-21.622 306.229 -45.2231 0 0 13418.4 1.5 1.5 1.5 
-21.3677 306.23 -44.8798 0 0 13582.9 1.5 1.5 1.5 
-21.116 306.23 -44.5358 0 0 13747.8 1.5 1.5 1.5 
-20.8668 306.231 -44.1912 0 0 13913.2 1.5 1.5 1.5 
-20.62 306.232 -43.8458 0 0 14079 1.5 1.5 1.5 
-20.3757 306.233 -43.4998 0 0 14245.3 1.5 1.5 1.5 
-20.1338 306.233 -43.1532 0 0 14411.9 1.5 1.5 1.5 
-19.8943 306.234 -42.8061 0 0 14578.9 1.5 1.5 1.5 
-19.6572 306.235 -42.4584 0 0 14746.2 1.5 1.5 1.5 
-19.4224 306.235 -42.1102 0 0 14913.8 1.5 1.5 1.5 
-19.19 306.236 -41.7616 0 0 15081.8 1.5 1.5 1.5 
-18.9598 306.237 -41.4126 0 0 15250 1.5 1.5 1.5 
-18.732 306.237 -41.0632 0 0 15418.6 1.5 1.5 1.5 
-18.5064 306.238 -40.7135 0 0 15587.4 1.5 1.5 1.5 
-18.283 306.238 -40.3635 0 0 15756.4 1.5 1.5 1.5 
-18.0619 306.239 -40.0132 0 0 15925.6 1.5 1.5 1.5 
-17.843 306.24 -39.6627 0 0 16095.1 1.5 1.5 1.5 
-17.6262 306.24 -39.3119 0 0 16264.7 1.5 1.5 1.5 
-17.4115 306.241 -38.961 0 0 16434.5 1.5 1.5 1.5 
-17.1991 306.241 -38.61 0 0 16604.4 1.5 1.5 1.5 
-16.9887 306.242 -38.2589 0 0 16774.5 1.5 1.5 1.5 
-16.7804 306.242 -37.9077 0 0 16944.7 1.5 1.5 1.5 
-16.5741 306.243 -37.5565 0 0 17115 1.5 1.5 1.5 
-16.3699 306.243 -37.2053 0 0 17285.3 1.5 1.5 1.5 
-16.1678 306.244 -36.8541 0 0 17455.8 1.5 1.5 1.5 
-15.9676 306.244 -36.503 0 0 17626.2 1.5 1.5 1.5 
-15.7694 306.245 -36.152 0 0 17796.7 1.5 1.5 1.5 
-15.5732 306.245 -35.8011 0 0 17967.2 1.5 1.5 1.5 
-15.3789 306.246 -35.4504 0 0 18137.7 1.5 1.5 1.5 
-15.1866 306.246 -35.1 0 0 18308.2 1.5 1.5 1.5 
-14.9962 306.247 -34.7497 0 0 18478.7 1.5 1.5 1.5 
-14.8076 306.247 -34.3997 0 0 18649.1 1.5 1.5 1.5 
-14.6209 306.248 -34.05 0 0 18819.4 1.5 1.5 1.5 
-14.4361 306.248 -33.7006 0 0 18989.6 1.5 1.5 1.5 
-14.2531 306.248 -33.3515 0 0 19159.8 1.5 1.5 1.5 
-14.0719 306.249 -33.0029 0 0 19329.8 1.5 1.5 1.5 
-13.8926 306.249 -32.6546 0 0 19499.7 1.5 1.5 1.5 
-13.715 306.25 -32.3068 0 0 19669.4 1.5 1.5 1.5 
-13.5391 306.25 -31.9595 0 0 19839 1.5 1.5 1.5 
-13.365 306.25 -31.6126 0 0 20008.4 1.5 1.5 1.5 
-13.1927 306.251 -31.2663 0 0 20177.6 1.5 1.5 1.5 
-13.022 306.251 -30.9205 0 0 20346.7 1.5 1.5 1.5 
-12.853 306.251 -30.5753 0 0 20515.5 1.5 1.5 1.5 
-12.6857 306.252 -30.2307 0 0 20684 1.5 1.5 1.5 
-12.5201 306.252 -29.8867 0 0 20852.4 1.5 1.5 1.5 
-12.3561 306.252 -29.5433 0 0 21020.5 1.5 1.5 1.5 
-12.1938 306.253 -29.2007 0 0 21188.3 1.5 1.5 1.5 
-12.033 306.253 -28.8587 0 0 21355.8 1.5 1.5 1.5 
-11.8738 306.253 -28.5175 0 0 21523 1.5 1.5 1.5 
-11.7163 306.254 -28.177 0 0 21689.9 1.5 1.5 1.5 
-11.5602 306.254 -27.8373 0 0 21856.5 1.5 1.5 1.5 
-11.4058 306.254 -27.4984 0 0 22022.8 1.5 1.5 1.5 
-11.2528 306.254 -27.1604 0 0 22188.7 1.5 1.5 1.5 
-11.1014 306.255 -26.8231 0 0 22354.2 1.5 1.5 1.5 
-10.9515 306.255 -26.4868 0 0 22519.4 1.5 1.5 1.5 
-10.8031 306.255 -26.1513 0 0 22684.2 1.5 1.5 1.5 
-10.6561 306.256 -25.8167 0 0 22848.6 1.5 1.5 1.5 
-10.5106 306.256 -25.4831 0 0 23012.6 1.5 1.5 1.5 
-10.3665 306.256 -25.1504 0 0 23176.2 1.5 1.5 1.5 
-10.2239 306.256 -24.8186 0 0 23339.4 1.5 1.5 1.5 
-10.0827 306.257 -24.4879 0 0 23502.2 1.5 1.5 1.5 
-9.94287 306.257 -24.1582 0 0 23664.4 1.5 1.5 1.5 
-9.80443 306.257 -23.8295 0 0 23826.3 1.5 1.5 1.5 
-9.66738 306.257 -23.5018 0 0 23987.7 1.5 1.5 1.5 
-9.53168 306.257 -23.1752 0 0 24148.6 1.5 1.5 1.5 
-9.39732 306.258 -22.8497 0 0 24309 1.5 1.5 1.5 
-9.2643 306.258 -22.5253 0 0 24468.9 1.5 1.5 1.5 
-9.1326 306.258 -22.2019 0 0 24628.3 1.5 1.5 1.5 
-9.0022 306.258 -21.8798 0 0 24787.2 1.5 1.5 1.5 
-8.8731 306.258 -21.5587 0 0 24945.6 1.5 1.5 1.5 
-8.74528 306.259 -21.2389 0 0 25103.5 1.5 1.5 1.5 
-8.61872 306.259 -20.9202 0 0 25260.8 1.5 1.5 1.5 
-8.49343 306.259 -20.6027 0 0 25417.6 1.5 1.5 1.5 
-8.36937 306.259 -20.2864 0 0 25573.8 1.5 1.5 1.5 
-8.24654 306.259 -19.9713 0 0 25729.5 1.5 1.5 1.5 
-8.12493 306.259 -19.6575 0 0 25884.6 1.5 1.5 1.5 
-8.00453 306.26 -19.3449 0 0 26039.1 1.5 1.5 1.5 
-7.88532 306.26 -19.0336 0 0 26193 1.5 1.5 1.5 
-7.76729 306.26 -18.7235 0 0 26346.4 1.5 1.5 1.5 
-7.65044 306.26 -18.4148 0 0 26499.1 1.5 1.5 1.5 
-7.53474 306.26 -18.1073 0 0 26651.3 1.5 1.5 1.5 
-7.42019 306.26 -17.8012 0 0 26802.8 1.5 1.5 1.5 
-7.30678 306.26 -17.4963 0 0 26953.7 1.5 1.5 1.5 
-7.19449 306.261 -17.1928 0 0 27104.1 1.5 1.5 1.5 
-7.08331 306.261 -16.8907 0 0 27253.7 1.5 1.5 1.5 
-6.97324 306.261 -16.5898 0 0 27402.8 1.5 1.5 1.5 
-6.86426 306.261 -16.2904 0 0 27551.2 1.5 1.5 1.5 
-6.75636 306.261 -15.9923 0 0 27699 1.5 1.5 1.5 
-6.64953 306.261 -15.6956 0 0 27846.1 1.5 1.5 1.5 
-6.54376 306.261 -15.4003 0 0 27992.5 1.5 1.5 1.5 
-6.43904 306.261 -15.1064 0 0 28138.3 1.5 1.5 1.5 
-6.33535 306.261 -14.8139 0 0 28283.5 1.5 1.5 1.5 
-6.2327 306.262 -14.5228 0 0 28427.9 1.5 1.5 1.5 
-6.13106 306.262 -14.2332 0 0 28571.7 1.5 1.5 1.5 
-6.03043 306.262 -13.9449 0 0 28714.9 1.5 1.5 1.5 
-5.9308 306.262 -13.6581 0 0 28857.3 1.5 1.5 1.5 
-5.83216 306.262 -13.3728 0 0 28999.1 1.5 1.5 1.5 
-5.73449 306.262 -13.0889 0 0 29140.1 1.5 1.5 1.5 
-5.63779 306.262 -12.8064 0 0 29280.5 1.5 1.5 1.5 
-5.54206 306.262 -12.5254 0 0 29420.2 1.5 1.5 1.5 
-5.44727 306.262 -12.2459 0 0 29559.2 1.5 1.5 1.5 
-5.35342 306.262 -11.9678 0 0 29697.5 1.5 1.5 1.5 
-5.2605 306.262 -11.6913 0 0 29835 1.5 1.5 1.5 
-5.16851 306.262 -11.4162 0 0 29971.9 1.5 1.5 1.5 
-5.07742 306.263 -11.1425 0 0 30108.1 1.5 1.5 1.5 
-4.98724 306.263 -10.8704 0 0 30243.5 1.5 1.5 1.5 
-4.89796 306.263 -10.5998 0 0 30378.2 1.5 1.5 1.5 
-4.80956 306.263 -10.3306 0 0 30512.2 1.5 1.5 1.5 
-4.72203 306.263 -10.063 0 0 30645.5 1.5 1.5 1.5 
-4.63538 306.263 -9.79687 0 0 30778.1 1.5 1.5 1.5 
-4.54958 306.263 -9.53224 0 0 30910 1.5 1.5 1.5 
-4.46463 306.263 -9.26911 0 0 31041.1 1.5 1.5 1.5 
-4.38053 306.263 -9.0075 0 0 31171.5 1.5 1.5 1.5 
-4.29726 306.263 -8.7474 0 0 31301.1 1.5 1.5 1.5 
-4.21482 306.263 -8.48881 0 0 31430.1 1.5 1.5 1.5 
-4.13319 306.263 -8.23173 0 0 31558.3 1.5 1.5 1.5 
-4.05237 306.263 -7.97617 0 0 31685.8 1.5 1.5 1.5 
-3.97236 306.263 -7.72213 0 0 31812.5 1.5 1.5 1.5 
-3.89314 306.263 -7.46961 0 0 31938.5 1.5 1.5 1.5 
-3.8147 306.263 -7.2186 0 0 32063.8 1.5 1.5 1.5 
-3.73704 306.263 -6.96912 0 0 32188.3 1.5 1.5 1.5 
-3.66016 306.263 -6.72115 0 0 32312.1 1.5 1.5 1.5 
-3.58403 306.263 -6.4747 0 0 32435.2 1.5 1.5 1.5 
-3.50866 306.263 -6.22978 0 0 32557.5 1.5 1.5 1.5 
-3.43404 306.263 -5.98637 0 0 32679.1 1.5 1.5 1.5 
-3.36015 306.264 -5.74448 0 0 32799.9 1.5 1.5 1.5 
-3.287 306.264 -5.50411 0 0 32920.1 1.5 1.5 1.5 
-3.21458 306.264 -5.26525 0 0 33039.4 1.5 1.5 1.5 
-3.14287 306.264 -5.02791 0 0 33158.1 1.5 1.5 1.5 
-3.07188 306.264 -4.79208 0 0 33276 1.5 1.5 1.5 
-3.00159 306.264 -4.55777 0 0 33393.1 1.5 1.5 1.5 
-2.93199 306.264 -4.32496 0 0 33509.6 1.5 1.5 1.5 
-2.86309 306.264 -4.09367 0 0 33625.3 1.5 1.5 1.5 
-2.79487 306.264 -3.86388 0 0 33740.2 1.5 1.5 1.5 
-2.72732 306.264 -3.6356 0 0 33854.4 1.5 1.5 1.5 
-2.66045 306.264 -3.40882 0 0 33967.9 1.5 1.5 1.5 
-2.59424 306.264 -3.18354 0 0 34080.7 1.5 1.5 1.5 
-2.52868 306.264 -2.95975 0 0 34192.7 1.5 1.5 1.5 
-2.46378 306.264 -2.73747 0 0 34304 1.5 1.5 1.5 
-2.39952 306.264 -2.51667 0 0 34414.5 1.5 1.5 1.5 
-2.33589 306.264 -2.29736 0 0 34524.4 1.5 1.5 1.5 
-2.2729 306.264 -2.07954 0 0 34633.5 1.5 1.5 1.5 
-2.21053 306.264 -1.8632 0 0 34741.9 1.5 1.5 1.5 
-2.14878 306.264 -1.64833 0 0 34849.5 1.5 1.5 1.5 
-2.08765 306.264 -1.43494 0 0 34956.5 1.5 1.5 1.5 
-2.02712 306.264 -1.22303 0 0 35062.7 1.5 1.5 1.5 
-1.96719 306.264 -1.01258 0 0 35168.1 1.5 1.5 1.5 
-1.90785 306.264 -0.803591 0 0 35272.9 1.5 1.5 1.5 
-1.8491 306.264 -0.596064 0 0 35377 1.5 1.5 1.5 
-1.79094 306.264 -0.389991 0 0 35480.3 1.5 1.5 1.5 
-1.73335 306.264 -0.185369 0 0 35582.9 1.5 1.5 1.5 
-1.67633 306.264 0.0178067 0 0 35684.8 1.5 1.5 1.5 
-1.61988 306.264 0.219541 0 0 35786.1 1.5 1.5 1.5 
-1.56399 306.264 0.419839 0 0 35886.6 1.5 1.5 1.5 
-1.50865 306.264 0.618705 0 0 35986.3 1.5 1.5 1.5 
-1.45386 306.264 0.816143 0 0 36085.4 1.5 1.5 1.5 
-1.39962 306.264 1.01216 0 0 36183.8 1.5 1.5 1.5 
-1.34591 306.264 1.20676 0 0 36281.5 1.5 1.5 1.5 
-1.29273 306.264 1.39994 0 0 36378.5 1.5 1.5 1.5 
-1.24009 306.264 1.59172 0 0 36474.8 1.5 1.5 1.5 
-1.18796 306.264 1.7821 0 0 36570.4 1.5 1.5 1.5 
-1.13635 306.264 1.97108 0 0 36665.3 1.5 1.5 1.5 
-1.08526 306.264 2.15867 0 0 36759.5 1.5 1.5 1.5 
-1.03467 306.264 2.34488 0 0 36853.1 1.5 1.5 1.5 
-0.984577 306.264 2.5297 0 0 36946 1.5 1.5 1.5 
-0.934986 306.264 2.71315 0 0 37038.1 1.5 1.5 1.5 
-0.885886 306.264 2.89524 0 0 37129.6 1.5 1.5 1.5 
-0.837273 306.264 3.07596 0 0 37220.5 1.5 1.5 1.5 
-0.789142 306.264 3.25532 0 0 37310.6 1.5 1.5 1.5 
-0.741489 306.264 3.43333 0 0 37400.1 1.5 1.5 1.5 
-0.694308 306.264 3.61 0 0 37489 1.5 1.5 1.5 
-0.647595 306.264 3.78533 0 0 37577.1 1.5 1.5 1.5 
-0.601346 306.264 3.95933 0 0 37664.6 1.5 1.5 1.5 
-0.555555 306.264 4.132 0 0 37751.5 1.5 1.5 1.5 
-0.510218 306.264 4.30335 0 0 37837.7 1.5 1.5 1.5 
-0.46533 306.264 4.47339 0 0 37923.2 1.5 1.5 1.5 
-0.420888 306.264 4.64212 0 0 38008.1 1.5 1.5 1.5 
-0.376887 306.264 4.80955 0 0 38092.4 1.5 1.5 1.5 
-0.333322 306.264 4.97568 0 0 38176 1.5 1.5 1.5 
-0.290189 306.264 5.14053 0 0 38258.9 1.5 1.5 1.5 
-0.247484 306.264 5.30409 0 0 38341.2 1.5 1.5 1.5 
-0.205202 306.264 5.46638 0 0 38422.9 1.5 1.5 1.5 
-0.163339 306.264 5.6274 0 0 38504 1.5 1.5 1.5 
-0.121892 306.264 5.78716 0 0 38584.4 1.5 1.5 1.5 
-0.0808559 306.264 5.94586 0 0 38659.9 1.5 1.5 1.5 
-0.0402268 306.264 6.13581 0 0 38882.6 1.5 1.5 1.5 
0 306.263 6.24661 0 0 167540 1.5 1.5 1.5 
0 306.263 6.85301 0 0 168849 1.5 1.5 1.5 
0.0402268 306.263 7.14811 0 0 123378 1.5 1.5 1.5 
0.0808559 306.263 7.69439 0 0 122749 1.5 1.5 1.5 
0.121892 306.263 8.19719 0 0 122029 1.5 1.5 1.5 
0.163339 306.263 8.70143 0 0 121289 1.5 1.5 1.5 
0.205202 306.263 9.20761 0 0 120545 1.5 1.5 1.5 
0.247484 306.263 9.71571 0 0 119797 1.5 1.5 1.5 
0.290189 306.263 10.2257 0 0 119047 1.5 1.5 1.5 
0.333322 306.263 10.7376 0 0 118293 1.5 1.5 1.5 
0.376887 306.263 11.2512 0 0 117535 1.5 1.5 1.5 
0.420888 306.263 11.7667 0 0 116774 1.5 1.5 1.5 
0.46533 306.263 12.284 0 0 116010 1.5 1.5 1.5 
0.510218 306.263 12.803 0 0 115243 1.5 1.5 1.5 
0.555555 306.263 13.3237 0 0 114473 1.5 1.5 1.5 
0.601346 306.263 13.8461 0 0 113699 1.5 1.5 1.5 
0.647595 306.263 14.3702 0 0 112922 1.5 1.5 1.5 
0.694308 306.263 14.8959 0 0 112142 1.5 1.5 1.5 
0.741489 306.263 15.4231 0 0 111360 1.5 1.5 1.5 
0.789142 306.263 15.9519 0 0 110574 1.5 1.5 1.5 
0.837273 306.263 16.4822 0 0 109785 1.5 1.5 1.5 
0.885886 306.263 17.014 0 0 108993 1.5 1.5 1.5 
0.934986 306.263 17.5471 0 0 108199 1.5 1.5 1.5 
0.984577 306.263 18.0817 0 0 107401 1.5 1.5 1.5 
1.03467 306.263 18.6177 0 0 106601 1.5 1.5 1.5 
1.08526 306.263 19.1549 0 0 105799 1.5 1.5 1.5 
1.13635 306.262 19.6935 0 0 104993 1.5 1.5 1.5 
1.18796 306.262 20.2332 0 0 104185 1.5 1.5 1.5 
1.24009 306.262 20.7742 0 0 103375 1.5 1.5 1.5 
1.29273 306.262 21.3163 0 0 102562 1.5 1.5 1.5 
1.34591 306.262 21.8595 0 0 101747 1.5 1.5 1.5 
1.39962 306.262 22.4037 0 0 100929 1.5 1.5 1.5 
1.45386 306.262 22.949 0 0 100109 1.5 1.5 1.5 
1.50865 306.262 23.4952 0 0 99286.8 1.5 1.5 1.5 
1.56399 306.262 24.0423 0 0 98462.5 1.5 1.5 1.5 
1.61988 306.262 24.5903 0 0 97636.2 1.5 1.5 1.5 
1.67633 306.262 25.1392 0 0 96807.8 1.5 1.5 1.5 
1.73335 306.262 25.6888 0 0 95977.5 1.5 1.5 1.5 
1.79094 306.261 26.2391 0 0 95145.3 1.5 1.5 1.5 
1.8491 306.261 26.79 0 0 94311.3 1.5 1.5 1.5 
1.90785 306.261 27.3416 0 0 93475.6 1.5 1.5 1.5 
1.96719 306.261 27.8938 0 0 92638.2 1.5 1.5 1.5 
2.02712 306.261 28.4464 0 0 91799.3 1.5 1.5 1.5 
2.08765 306.261 28.9996 0 0 90958.9 1.5 1.5 1.5 
2.14878 306.261 29.5531 0 0 90117.1 1.5 1.5 1.5 
2.21053 306.261 30.1069 0 0 89274 1.5 1.5 1.5 
2.2729 306.261 30.6611 0 0 88429.6 1.5 1.5 1.5 
2.33589 306.26 31.2154 0 0 87584.1 1.5 1.5 1.5 
2.39952 306.26 31.77 0 0 86737.5 1.5 1.5 1.5 
2.46378 306.26 32.3246 0 0 85890 1.5 1.5 1.5 
2.52868 306.26 32.8793 0 0 85041.5 1.5 1.5 1.5 
2.59424 306.26 33.434 0 0 84192.2 1.5 1.5 1.5 
2.66045 306.26 33.9886 0 0 83342.3 1.5 1.5 1.5 
2.72732 306.26 34.5431 0 0 82491.7 1.5 1.5 1.5 
2.79487 306.259 35.0974 0 0 81640.5 1.5 1.5 1.5 
2.86309 306.259 35.6514 0 0 80789 1.5 1.5 1.5 
2.93199 306.259 36.2051 0 0 79937.1 1.5 1.5 1.5 
3.00159 306.259 36.7585 0 0 79085 1.5 1.5 1.5 
3.07188 306.259 37.3114 0 0 78232.8 1.5 1.5 1.5 
3.14287 306.259 37.8637 0 0 77380.5 1.5 1.5 1.5 
3.21458 306.258 38.4155 0 0 76528.3 1.5 1.5 1.5 
3.287 306.258 38.9667 0 0 75676.3 1.5 1.5 1.5 
3.36015 306.258 39.5171 0 0 74824.5 1.5 1.5 1.5 
3.43404 306.258 40.0668 0 0 73973.2 1.5 1.5 1.5 
3.50866 306.258 40.6156 0 0 73122.3 1.5 1.5 1.5 
3.58403 306.257 41.1635 0 0 72272 1.5 1.5 1.5 
3.66016 306.257 41.7104 0 0 71422.4 1.5 1.5 1.5 
3.73704 306.257 42.2563 0 0 70573.7 1.5 1.5 1.5 
3.8147 306.257 42.8011 0 0 69725.9 1.5 1.5 1.5 
3.89314 306.257 43.3446 0 0 68879.1 1.5 1.5 1.5 
3.97236 306.256 43.8869 0 0 68033.5 1.5 1.5 1.5 
4.05237 306.256 44.4279 0 0 67189.1 1.5 1.5 1.5 
4.13319 306.256 44.9675 0 0 66346.1 1.5 1.5 1.5 
4.21482 306.256 45.5056 0 0 65504.7 1.5 1.5 1.5 
4.29726 306.255 46.0421 0 0 64664.8 1.5 1.5 1.5 
4.38053 306.255 46.5771 0 0 63826.7 1.5 1.5 1.5 
4.46463 306.255 47.1103 0 0 62990.4 1.5 1.5 1.5 
4.54958 306.255 47.6419 0 0 62156.1 1.5 1.5 1.5 
4.63538 306.254 48.1715 0 0 61323.8 1.5 1.5 1.5 
4.72203 306.254 48.6993 0 0 60493.8 1.5 1.5 1.5 
4.80956 306.254 49.2251 0 0 59666.1 1.5 1.5 1.5 
4.89796 306.253 49.7489 0 0 58840.8 1.5 1.5 1.5 
4.98724 306.253 50.2706 0 0 58018.1 1.5 1.5 1.5 
5.07742 306.253 50.7901 0 0 57198.1 1.5 1.5 1.5 
5.16851 306.253 51.3073 0 0 56380.9 1.5 1.5 1.5 
5.2605 306.252 51.8222 0 0 55566.6 1.5 1.5 1.5 
5.35342 306.252 52.3348 0 0 54755.4 1.5 1.5 1.5 
5.44727 306.252 52.8448 0 0 53947.3 1.5 1.5 1.5 
5.54206 306.251 53.3523 0 0 53142.5 1.5 1.5 1.5 
5.63779 306.251 53.8573 0 0 52341.2 1.5 1.5 1.5 
5.73449 306.251 54.3595 0 0 51543.3 1.5 1.5 1.5 
5.83216 306.25 54.859 0 0 50749.1 1.5 1.5 1.5 
5.9308 306.25 55.3557 0 0 49958.7 1.5 1.5 1.5 
6.03043 306.249 55.8495 0 0 49172.2 1.5 1.5 1.5 
6.13106 306.249 56.3403 0 0 48389.7 1.5 1.5 1.5 
6.2327 306.249 56.8282 0 0 47611.4 1.5 1.5 1.5 
6.33535 306.248 57.3129 0 0 46837.3 1.5 1.5 1.5 
6.43904 306.248 57.7945 0 0 46067.5 1.5 1.5 1.5 
6.54376 306.247 58.2729 0 0 45302.3 1.5 1.5 1.5 
6.64953 306.247 58.7481 0 0 44541.6 1.5 1.5 1.5 
6.75636 306.247 59.2198 0 0 43785.7 1.5 1.5 1.5 
6.86426 306.246 59.6882 0 0 43034.6 1.5 1.5 1.5 
6.97324 306.246 60.1531 0 0 42288.5 1.5 1.5 1.5 
7.08331 306.245 60.6145 0 0 41547.4 1.5 1.5 1.5 
7.19449 306.245 61.0723 0 0 40811.5 1.5 1.5 1.5 
7.30678 306.244 61.5264 0 0 40080.9 1.5 1.5 1.5 
7.42019 306.244 61.9769 0 0 39355.6 1.5 1.5 1.5 
7.53474 306.243 62.4235 0 0 38635.9 1.5 1.5 1.5 
7.65044 306.243 62.8664 0 0 37921.7 1.5 1.5 1.5 
7.76729 306.243 63.3054 0 0 37213.3 1.5 1.5 1.5 
7.88532 306.242 63.7404 0 0 36510.7 1.5 1.5 1.5 
8.00453 306.241 64.1715 0 0 35814 1.5 1.5 1.5 
8.12493 306.241 64.5985 0 0 35123.3 1.5 1.5 1.5 
8.24654 306.24 65.0214 0 0 34438.7 1.5 1.5 1.5 
8.36937 306.24 65.4402 0 0 33760.4 1.5 1.5 1.5 
8.49343 306.239 65.8549 0 0 33088.3 1.5 1.5 1.5 
8.61872 306.239 66.2653 0 0 32422.6 1.5 1.5 1.5 
8.74528 306.238 66.6714 0 0 31763.4 1.5 1.5 1.5 
8.8731 306.238 67.0732 0 0 31110.7 1.5 1.5 1.5 
9.0022 306.237 67.4707 0 0 30464.7 1.5 1.5 1.5 
9.1326 306.237 67.8637 0 0 29825.5 1.5 1.5 1.5 
9.2643 306.236 68.2523 0 0 29193 1.5 1.5 1.5 
9.39732 306.235 68.6365 0 0 28567.4 1.5 1.5 1.5 
9.53168 306.235 69.0161 0 0 27948.8 1.5 1.5 1.5 
9.66738 306.234 69.3912 0 0 27337.3 1.5 1.5 1.5 
9.80443 306.233 69.7617 0 0 26732.8 1.5 1.5 1.5 
9.94287 306.233 70.1276 0 0 26135.5 1.5 1.5 1.5 
10.0827 306.232 70.4889 0 0 25545.4 1.5 1.5 1.5 
10.2239 306.231 70.8455 0 0 24962.6 1.5 1.5 1.5 
10.3665 306.231 71.1974 0 0 24387.2 1.5 1.5 1.5 
10.5106 306.23 71.5446 0 0 23819.2 1.5 1.5 1.5 
10.6561 306.229 71.8871 0 0 23258.6 1.5 1.5 1.5 
10.8031 306.229 72.2248 0 0 22705.5 1.5 1.5 1.5 
10.9515 306.228 72.5578 0 0 22160 1.5 1.5 1.5 
11.1014 306.227 72.886 0 0 21622 1.5 1.5 1.5 
11.2528 306.227 73.2093 0 0 21091.7 1.5 1.5 1.5 
11.4058 306.226 73.5279 0 0 20569.1 1.5 1.5 1.5 
11.5602 306.225 73.8416 0 0 20054.1 1.5 1.5 1.5 
11.7163 306.224 74.1505 0 0 19546.9 1.5 1.5 1.5 
11.8738 306.223 74.4546 0 0 19047.4 1.5 1.5 1.5 
12.033 306.223 74.7538 0 0 18555.7 1.5 1.5 1.5 
12.1938 306.222 75.0482 0 0 18071.8 1.5 1.5 1.5 
12.3561 306.221 75.3377 0 0 17595.7 1.5 1.5 1.5 
12.5201 306.22 75.6224 0 0 17127.4 1.5 1.5 1.5 
12.6857 306.219 75.9023 0 0 16666.9 1.5 1.5 1.5 
12.853 306.219 76.1773 0 0 16214.3 1.5 1.5 1.5 
13.022 306.218 76.4475 0 0 15769.5 1.5 1.5 1.5 
13.1927 306.217 76.7128 0 0 15332.5 1.5 1.5 1.5 
13.365 306.216 76.9734 0 0 14903.3 1.5 1.5 1.5 
13.5391 306.215 77.2292 0 0 14482 1.5 1.5 1.5 
13.715 306.214 77.4802 0 0 14068.4 1.5 1.5 1.5 
13.8926 306.213 77.7264 0 0 13662.7 1.5 1.5 1.5 
14.0719 306.212 77.9679 0 0 13264.7 1.5 1.5 1.5 
14.2531 306.211 78.2047 0 0 12874.4 1.5 1.5 1.5 
14.4361 306.21 78.4368 0 0 12491.9 1.5 1.5 1.5 
14.6209 306.209 78.6642 0 0 12117 1.5 1.5 1.5 
14.8076 306.208 78.8869 0 0 11749.9 1.5 1.5 1.5 
14.9962 306.207 79.105 0 0 11390.3 1.5 1.5 1.5 
15.1866 306.206 79.3186 0 0 11038.3 1.5 1.5 1.5 
15.3789 306.205 79.5276 0 0 10693.8 1.5 1.5 1.5 
15.5732 306.204 79.732 0 0 10356.9 1.5 1.5 1.5 
15.7694 306.203 79.932 0 0 10027.3 1.5 1.5 1.5 
15.9676 306.202 80.1275 0 0 9705.2 1.5 1.5 1.5 
16.1678 306.201 80.3186 0 0 9390.41 1.5 1.5 1.5 
16.3699 306.2 80.5053 0 0 9082.89 1.5 1.5 1.5 
16.5741 306.199 80.6877 0 0 8782.6 1.5 1.5 1.5 
16.7804 306.198 80.8658 0 0 8489.46 1.5 1.5 1.5 
16.9887 306.197 81.0396 0 0 8203.42 1.5 1.5 1.5 
17.1991 306.196 81.2093 0 0 7924.4 1.5 1.5 1.5 
17.4115 306.195 81.3748 0 0 7652.33 1.5 1.5 1.5 
17.6262 306.193 81.5362 0 0 7387.14 1.5 1.5 1.5 
17.843 306.192 81.6935 0 0 7128.75 1.5 1.5 1.5 
18.0619 306.191 81.8468 0 0 6877.09 1.5 1.5 1.5 
18.283 306.19 81.9962 0 0 6632.08 1.5 1.5 1.5 
18.5064 306.189 82.1416 0 0 6393.63 1.5 1.5 1.5 
18.732 306.187 82.2832 0 0 6161.66 1.5 1.5 1.5 
18.9598 306.186 82.421 0 0 5936.09 1.5 1.5 1.5 
19.19 306.185 82.5551 0 0 5716.82 1.5 1.5 1.5 
19.4224 306.184 82.6855 0 0 5503.77 1.5 1.5 1.5 
19.6572 306.182 82.8123 0 0 5296.84 1.5 1.5 1.5 
19.8943 306.181 82.9355 0 0 5095.94 1.5 1.5 1.5 
20.1338 306.18 83.0552 0 0 4900.98 1.5 1.5 1.5 
20.3757 306.178 83.1715 0 0 4711.86 1.5 1.5 1.5 
20.62 306.177 83.2843 0 0 4528.48 1.5 1.5 1.5 
20.8668 306.176 83.3939 0 0 4350.76 1.5 1.5 1.5 
21.116 306.174 83.5002 0 0 4178.57 1.5 1.5 1.5 
21.3677 306.173 83.6032 0 0 4011.84 1.5 1.5 1.5 
21.622 306.171 83.7032 0 0 3850.45 1.5 1.5 1.5 
21.8788 306.17 83.8001 0 0 3694.3 1.5 1.5 1.5 
22.1382 306.168 83.8939 0 0 3543.3 1.5 1.5 1.5 
22.4001 306.167 83.9848 0 0 3397.33 1.5 1.5 1.5 
22.6647 306.165 84.0728 0 0 3256.3 1.5 1.5 1.5 
22.932 306.164 84.158 0 0 3120.1 1.5 1.5 1.5 
23.2019 306.162 84.2405 0 0 2988.62 1.5 1.5 1.5 
23.4745 306.161 84.3202 0 0 2861.77 1.5 1.5 1.5 
23.7499 306.159 84.3973 0 0 2739.44 1.5 1.5 1.5 
24.028 306.158 84.4719 0 0 2621.52 1.5 1.5 1.5 
24.3089 306.156 84.5439 0 0 2507.9 1.5 1.5 1.5 
24.5926 306.155 84.6135 0 0 2398.5 1.5 1.5 1.5 
24.8792 306.153 84.6807 0 0 2293.19 1.5 1.5 1.5 
25.1686 306.151 84.7456 0 0 2191.89 1.5 1.5 1.5 
25.4609 306.15 84.8083 0 0 2094.47 1.5 1.5 1.5 
25.7562 306.148 84.8687 0 0 2000.86 1.5 1.5 1.5 
26.0544 306.146 84.927 0 0 1910.93 1.5 1.5 1.5 
26.3556 306.145 84.9833 0 0 1824.59 1.5 1.5 1.5 
26.6598 306.143 85.0375 0 0 1741.75 1.5 1.5 1.5 
26.9671 306.141 85.0898 0 0 1662.29 1.5 1.5 1.5 
27.2774 306.139 85.1402 0 0 1586.13 1.5 1.5 1.5 
27.5908 306.138 85.1888 0 0 1513.16 1.5 1.5 1.5 
27.9074 306.136 85.2356 0 0 1443.3 1.5 1.5 1.5 
28.2272 306.134 85.2807 0 0 1376.43 1.5 1.5 1.5 
28.5501 306.132 85.3241 0 0 1312.48 1.5 1.5 1.5 
28.8763 306.13 85.3659 0 0 1251.35 1.5 1.5 1.5 
29.2058 306.128 85.4062 0 0 1192.94 1.5 1.5 1.5 
29.5386 306.127 85.445 0 0 1137.17 1.5 1.5 1.5 
29.8747 306.125 85.4823 0 0 1083.95 1.5 1.5 1.5 
30.2141 306.123 85.5182 0 0 1033.18 1.5 1.5 1.5 
30.557 306.121 85.5528 0 0 984.798 1.5 1.5 1.5 
30.9033 306.119 85.5861 0 0 938.704 1.5 1.5 1.5 
31.253 306.117 85.6182 0 0 894.819 1.5 1.5 1.5 
31.6063 306.115 85.649 0 0 853.063 1.5 1.5 1.5 
31.9631 306.113 85.6788 0 0 813.356 1.5 1.5 1.5 
32.3235 306.111 85.7074 0 0 775.622 1.5 1.5 1.5 
32.6875 306.109 85.735 0 0 739.784 1.5 1.5 1.5 
33.0551 306.107 85.7616 0 0 705.769 1.5 1.5 1.5 
33.4264 306.104 85.7872 0 0 673.503 1.5 1.5 1.5 
33.8015 306.102 85.8119 0 0 642.917 1.5 1.5 1.5 
34.1803 306.1 85.8357 0 0 613.943 1.5 1.5 1.5 
34.5629 306.098 85.8586 0 0 586.511 1.5 1.5 1.5 
34.9493 306.096 85.8808 0 0 560.559 1.5 1.5 1.5 
35.3396 306.093 85.9022 0 0 536.022 1.5 1.5 1.5 
35.7338 306.091 85.9229 0 0 512.839 1.5 1.5 1.5 
36.1319 306.089 85.9428 0 0 490.95 1.5 1.5 1.5 
36.5341 306.087 85.9622 0 0 470.296 1.5 1.5 1.5 
36.9402 306.084 85.9809 0 0 450.822 1.5 1.5 1.5 
37.3505 306.082 85.999 0 0 432.472 1.5 1.5 1.5 
37.7648 306.08 86.0166 0 0 415.195 1.5 1.5 1.5 
38.1833 306.077 86.0336 0 0 398.939 1.5 1.5 1.5 
38.606 306.075 86.0501 0 0 383.654 1.5 1.5 1.5 
39.0329 306.072 86.0662 0 0 369.293 1.5 1.5 1.5 
39.4641 306.07 86.0818 0 0 355.811 1.5 1.5 1.5 
39.8996 306.067 86.0971 0 0 343.162 1.5 1.5 1.5 
40.3395 306.065 86.1119 0 0 331.304 1.5 1.5 1.5 
40.7838 306.062 86.1264 0 0 320.197 1.5 1.5 1.5 
41.2325 306.06 86.1405 0 0 309.799 1.5 1.5 1.5 
41.6857 306.057 86.1543 0 0 300.074 1.5 1.5 1.5 
42.1435 306.054 86.1679 0 0 290.986 1.5 1.5 1.5 
42.6058 306.052 86.1811 0 0 282.498 1.5 1.5 1.5 
43.0728 306.049 86.1941 0 0 274.578 1.5 1.5 1.5 
43.5445 306.046 86.2069 0 0 267.194 1.5 1.5 1.5 
44.0209 306.044 86.2195 0 0 260.315 1.5 1.5 1.5 
44.502 306.041 86.2318 0 0 253.912 1.5 1.5 1.5 
44.988 306.038 86.244 0 0 247.956 1.5 1.5 1.5 
45.4788 306.035 86.2561 0 0 242.421 1.5 1.5 1.5 
45.9746 306.032 86.268 0 0 237.282 1.5 1.5 1.5 
46.4753 306.03 86.2797 0 0 232.515 1.5 1.5 1.5 
46.9811 306.027 86.2914 0 0 228.096 1.5 1.5 1.5 
47.4919 306.024 86.3029 0 0 224.003 1.5 1.5 1.5 
48.0078 306.021 86.3144 0 0 220.216 1.5 1.5 1.5 
48.5289 306.018 86.3258 0 0 216.715 1.5 1.5 1.5 
49.0552 306.015 86.3371 0 0 213.481 1.5 1.5 1.5 
49.5868 306.012 86.3483 0 0 210.497 1.5 1.5 1.5 
50.1237 306.009 86.3596 0 0 207.746 1.5 1.5 1.5 
50.6659 306.005 86.3708 0 0 205.211 1.5 1.5 1.5 
51.2137 306.002 86.382 0 0 202.879 1.5 1.5 1.5 
51.7669 305.999 86.3931 0 0 200.735 1.5 1.5 1.5 
52.3256 305.996 86.4043 0 0 198.765 1.5 1.5 1.5 
52.8899 305.993 86.4154 0 0 196.958 1.5 1.5 1.5 
53.4599 305.989 86.4266 0 0 195.301 1.5 1.5 1.5 
54.0356 305.986 86.4378 0 0 193.783 1.5 1.5 1.5 
54.6171 305.983 86.4491 0 0 192.395 1.5 1.5 1.5 
55.2044 305.979 86.4603 0 0 191.126 1.5 1.5 1.5 
55.7976 305.976 86.4716 0 0 189.967 1.5 1.5 1.5 
56.3967 305.972 86.483 0 0 188.911 1.5 1.5 1.5 
57.0018 305.969 86.4944 0 0 187.947 1.5 1.5 1.5 
57.613 305.965 86.5058 0 0 187.071 1.5 1.5 1.5 
58.2303 305.962 86.5174 0 0 186.274 1.5 1.5 1.5 
58.8538 305.958 86.5289 0 0 185.55 1.5 1.5 1.5 
59.4835 305.955 86.5406 0 0 184.893 1.5 1.5 1.5 
60.1195 305.951 86.5524 0 0 184.297 1.5 1.5 1.5 
60.7619 305.947 86.5642 0 0 183.758 1.5 1.5 1.5 
61.4108 305.943 86.5761 0 0 183.271 1.5 1.5 1.5 
62.0661 305.94 86.5881 0 0 182.83 1.5 1.5 1.5 
62.728 305.936 86.6002 0 0 182.433 1.5 1.5 1.5 
63.3965 305.932 86.6124 0 0 182.075 1.5 1.5 1.5 
64.0718 305.928 86.6246 0 0 181.752 1.5 1.5 1.5 
64.7538 305.924 86.637 0 0 181.462 1.5 1.5 1.5 
65.4426 305.92 86.6495 0 0 181.202 1.5 1.5 1.5 
66.1383 305.916 86.6621 0 0 180.968 1.5 1.5 1.5 
66.841 305.912 86.6748 0 0 180.759 1.5 1.5 1.5 
67.5507 305.908 86.6876 0 0 180.572 1.5 1.5 1.5 
68.2676 305.904 86.7006 0 0 180.405 1.5 1.5 1.5 
68.9916 305.9 86.7136 0 0 180.255 1.5 1.5 1.5 
69.7229 305.895 86.7268 0 0 180.122 1.5 1.5 1.5 
70.4615 305.891 86.7401 0 0 180.003 1.5 1.5 1.5 
71.2075 305.887 86.7535 0 0 179.898 1.5 1.5 1.5 
71.9609 305.882 86.7671 0 0 179.804 1.5 1.5 1.5 
72.7219 305.878 86.7808 0 0 179.721 1.5 1.5 1.5 
73.4906 305.874 86.7946 0 0 179.648 1.5 1.5 1.5 
74.2669 305.869 86.8085 0 0 179.583 1.5 1.5 1.5 
75.051 305.865 86.8226 0 0 179.525 1.5 1.5 1.5 
75.843 305.86 86.8368 0 0 179.474 1.5 1.5 1.5 
76.6429 305.855 86.8512 0 0 179.43 1.5 1.5 1.5 
77.4508 305.851 86.8657 0 0 179.39 1.5 1.5 1.5 
78.2668 305.846 86.8803 0 0 179.356 1.5 1.5 1.5 
79.091 305.841 86.8951 0 0 179.326 1.5 1.5 1.5 
79.9234 305.836 86.91 0 0 179.299 1.5 1.5 1.5 
80.7642 305.832 86.9251 0 0 179.276 1.5 1.5 1.5 
81.6134 305.827 86.9403 0 0 179.256 1.5 1.5 1.5 
82.4711 305.822 86.9557 0 0 179.238 1.5 1.5 1.5 
83.3373 305.817 86.9712 0 0 179.223 1.5 1.5 1.5 
84.2123 305.812 86.9869 0 0 179.209 1.5 1.5 1.5 
85.096 305.806 87.0027 0 0 179.198 1.5 1.5 1.5 
85.9886 305.801 87.0187 0 0 179.188 1.5 1.5 1.5 
86.8901 305.796 87.0349 0 0 179.179 1.5 1.5 1.5 
87.8007 305.791 87.0512 0 0 179.171 1.5 1.5 1.5 
88.7204 305.785 87.0677 0 0 179.165 1.5 1.5 1.5 
89.6492 305.78 87.0843 0 0 179.159 1.5 1.5 1.5 
90.5874 305.775 87.1011 0 0 179.155 1.5 1.5 1.5 
91.535 305.769 87.1181 0 0 179.15 1.5 1.5 1.5 
92.4921 305.763 87.1353 0 0 179.147 1.5 1.5 1.5 
93.4587 305.758 87.1526 0 0 179.144 1.5 1.5 1.5 
94.4351 305.752 87.1701 0 0 179.141 1.5 1.5 1.5 
95.4212 305.746 87.1877 0 0 179.139 1.5 1.5 1.5 
96.4172 305.741 87.2056 0 0 179.137 1.5 1.5 1.5 
97.4232 305.735 87.2236 0 0 179.136 1.5 1.5 1.5 
98.4392 305.729 87.2418 0 0 179.134 1.5 1.5 1.5 
99.4655 305.723 87.2602 0 0 179.133 1.5 1.5 1.5 
100.502 305.717 87.2787 0 0 179.132 1.5 1.5 1.5 
101.549 305.711 87.2975 0 0 179.131 1.5 1.5 1.5 
102.606 305.705 87.3164 0 0 179.131 1.5 1.5 1.5 
103.674 305.698 87.3356 0 0 179.13 1.5 1.5 1.5 
104.753 305.692 87.3549 0 0 179.13 1.5 1.5 1.5 
105.842 305.686 87.3744 0 0 179.129 1.5 1.5 1.5 
106.943 305.679 87.3941 0 0 179.129 1.5 1.5 1.5 
108.054 305.673 87.414 0 0 179.129 1.5 1.5 1.5 
109.177 305.666 87.4341 0 0 179.128 1.5 1.5 1.5 
110.31 305.66 87.4544 0 0 179.128 1.5 1.5 1.5 
111.456 305.653 87.475 0 0 179.128 1.5 1.5 1.5 
112.612 305.646 87.4957 0 0 179.128 1.5 1.5 1.5 
113.78 305.64 87.5166 0 0 179.128 1.5 1.5 1.5 
114.96 305.633 87.5377 0 0 179.128 1.5 1.5 1.5 
116.152 305.626 87.5591 0 0 179.128 1.5 1.5 1.5 
117.356 305.619 87.5806 0 0 179.128 1.5 1.5 1.5 
118.571 305.612 87.6024 0 0 179.128 1.5 1.5 1.5 
119.799 305.604 87.6244 0 0 179.127 1.5 1.5 1.5 
121.039 305.597 87.6466 0 0 179.127 1.5 1.5 1.5 
122.292 305.59 87.6691 0 0 179.127 1.5 1.5 1.5 
123.557 305.582 87.6917 0 0 179.127 1.5 1.5 1.5 
124.835 305.575 87.7146 0 0 179.127 1.5 1.5 1.5 
126.126 305.567 87.7377 0 0 179.127 1.5 1.5 1.5 
127.429 305.56 87.7611 0 0 179.127 1.5 1.5 1.5 
128.746 305.552 87.7847 0 0 179.127 1.5 1.5 1.5 
130.076 305.544 87.8085 0 0 179.127 1.5 1.5 1.5 
131.419 305.536 87.8326 0 0 179.127 1.5 1.5 1.5 
132.775 305.528 87.8569 0 0 179.127 1.5 1.5 1.5 
134.145 305.52 87.8814 0 0 179.127 1.5 1.5 1.5 
135.529 305.512 87.9062 0 0 179.127 1.5 1.5 1.5 
136.927 305.504 87.9312 0 0 179.127 1.5 1.5 1.5 
138.339 305.496 87.9565 0 0 179.127 1.5 1.5 1.5 
139.765 305.488 87.9821 0 0 179.127 1.5 1.5 1.5 
141.205 305.479 88.0079 0 0 179.127 1.5 1.5 1.5 
142.659 305.471 88.0339 0 0 179.127 1.5 1.5 1.5 
144.128 305.462 88.0602 0 0 179.127 1.5 1.5 1.5 
145.612 305.453 88.0868 0 0 179.127 1.5 1.5 1.5 
147.111 305.444 88.1137 0 0 179.127 1.5 1.5 1.5 
148.625 305.436 88.1408 0 0 179.127 1.5 1.5 1.5 
150.154 305.427 88.1682 0 0 179.127 1.5 1.5 1.5 
151.698 305.417 88.1958 0 0 179.127 1.5 1.5 1.5 
153.258 305.408 88.2238 0 0 179.127 1.5 1.5 1.5 
154.833 305.399 88.252 0 0 179.127 1.5 1.5 1.5 
156.424 305.39 88.2805 0 0 179.127 1.5 1.5 1.5 
158.031 305.38 88.3093 0 0 179.127 1.5 1.5 1.5 
159.654 305.371 88.3384 0 0 179.127 1.5 1.5 1.5 
161.294 305.361 88.3677 0 0 179.127 1.5 1.5 1.5 
162.949 305.351 88.3974 0 0 179.127 1.5 1.5 1.5 
164.622 305.341 88.4273 0 0 179.127 1.5 1.5 1.5 
166.311 305.331 88.4576 0 0 179.127 1.5 1.5 1.5 
168.017 305.321 88.4882 0 0 179.127 1.5 1.5 1.5 
169.74 305.311 88.519 0 0 179.127 1.5 1.5 1.5 
171.481 305.301 88.5502 0 0 179.127 1.5 1.5 1.5 
173.238 305.291 88.5817 0 0 179.127 1.5 1.5 1.5 
175.014 305.28 88.6135 0 0 179.127 1.5 1.5 1.5 
176.807 305.269 88.6456 0 0 179.127 1.5 1.5 1.5 
178.618 305.259 88.6781 0 0 179.127 1.5 1.5 1.5 
180.448 305.248 88.7108 0 0 179.127 1.5 1.5 1.5 
182.295 305.237 88.7439 0 0 179.127 1.5 1.5 1.5 
184.161 305.226 88.7774 0 0 179.127 1.5 1.5 1.5 
186.046 305.215 88.8111 0 0 179.127 1.5 1.5 1.5 
187.95 305.204 88.8452 0 0 179.127 1.5 1.5 1.5 
189.873 305.192 88.8797 0 0 179.127 1.5 1.5 1.5 
191.815 305.181 88.9144 0 0 179.127 1.5 1.5 1.5 
193.776 305.169 88.9496 0 0 179.127 1.5 1.5 1.5 
195.757 305.157 88.9851 0 0 179.127 1.5 1.5 1.5 
197.758 305.145 89.0209 0 0 179.127 1.5 1.5 1.5 
199.78 305.133 89.0571 0 0 179.127 1.5 1.5 1.5 
201.821 305.121 89.0937 0 0 179.127 1.5 1.5 1.5 
203.883 305.109 89.1306 0 0 179.127 1.5 1.5 1.5 
205.965 305.097 89.1679 0 0 179.127 1.5 1.5 1.5 
208.068 305.084 89.2056 0 0 179.127 1.5 1.5 1.5 
210.193 305.071 89.2437 0 0 179.127 1.5 1.5 1.5 
212.338 305.059 89.2821 0 0 179.127 1.5 1.5 1.5 
214.505 305.046 89.3209 0 0 179.127 1.5 1.5 1.5 
216.694 305.033 89.3601 0 0 179.127 1.5 1.5 1.5 
218.905 305.02 89.3997 0 0 179.127 1.5 1.5 1.5 
221.138 305.006 89.4397 0 0 179.127 1.5 1.5 1.5 
223.393 304.993 89.4801 0 0 179.127 1.5 1.5 1.5 
225.671 304.979 89.5209 0 0 179.127 1.5 1.5 1.5 
227.971 304.966 89.5621 0 0 179.127 1.5 1.5 1.5 
230.295 304.952 89.6037 0 0 179.127 1.5 1.5 1.5 
232.642 304.938 89.6458 0 0 179.127 1.5 1.5 1.5 
235.012 304.923 89.6883 0 0 179.127 1.5 1.5 1.5 
237.406 304.909 89.7311 0 0 179.127 1.5 1.5 1.5 
239.825 304.895 89.7745 0 0 179.127 1.5 1.5 1.5 
242.267 304.88 89.8182 0 0 179.127 1.5 1.5 1.5 
244.734 304.865 89.8624 0 0 179.127 1.5 1.5 1.5 
247.226 304.85 89.907 0 0 179.127 1.5 1.5 1.5 
249.742 304.835 89.9521 0 0 179.127 1.5 1.5 1.5 
252.284 304.82 89.9976 0 0 179.127 1.5 1.5 1.5 
254.851 304.805 90.0436 0 0 179.127 1.5 1.5 1.5 
257.444 304.789 90.0901 0 0 179.127 1.5 1.5 1.5 
260.063 304.773 90.137 0 0 179.127 1.5 1.5 1.5 
262.708 304.757 90.1844 0 0 179.127 1.5 1.5 1.5 
265.379 304.741 90.2322 0 0 179.127 1.5 1.5 1.5 
268.078 304.725 90.2806 0 0 179.127 1.5 1.5 1.5 
270.803 304.709 90.3294 0 0 179.127 1.5 1.5 1.5 
273.556 304.692 90.3787 0 0 179.127 1.5 1.5 1.5 
276.336 304.675 90.4285 0 0 179.127 1.5 1.5 1.5 
279.144 304.658 90.4788 0 0 179.127 1.5 1.5 1.5 
281.98 304.641 90.5296 0 0 179.127 1.5 1.5 1.5 
284.845 304.624 90.5809 0 0 179.127 1.5 1.5 1.5 
287.739 304.607 90.6327 0 0 179.127 1.5 1.5 1.5 
290.661 304.589 90.6851 0 0 179.127 1.5 1.5 1.5 
293.612 304.571 90.738 0 0 179.127 1.5 1.5 1.5 
296.594 304.553 90.7914 0 0 179.127 1.5 1.5 1.5 
299.605 304.535 90.8453 0 0 179.127 1.5 1.5 1.5 
302.646 304.516 90.8998 0 0 179.127 1.5 1.5 1.5 
305.717 304.498 90.9548 0 0 179.127 1.5 1.5 1.5 
308.82 304.479 91.0104 0 0 179.127 1.5 1.5 1.5 
311.953 304.46 91.0665 0 0 179.127 1.5 1.5 1.5 
315.118 304.441 91.1232 0 0 179.127 1.5 1.5 1.5 
318.315 304.421 91.1805 0 0 179.127 1.5 1.5 1.5 
321.543 304.402 91.2383 0 0 179.127 1.5 1.5 1.5 
324.804 304.382 91.2967 0 0 179.127 1.5 1.5 1.5 
328.098 304.362 91.3557 0 0 179.127 1.5 1.5 1.5 
331.424 304.341 91.4153 0 0 179.127 1.5 1.5 1.5 
334.784 304.321 91.4755 0 0 179.127 1.5 1.5 1.5 
338.178 304.3 91.5363 0 0 179.127 1.5 1.5 1.5 
341.605 304.279 91.5977 0 0 179.127 1.5 1.5 1.5 
345.067 304.258 91.6597 0 0 179.127 1.5 1.5 1.5 
348.564 304.237 91.7223 0 0 179.127 1.5 1.5 1.5 
352.095 304.215 91.7856 0 0 179.127 1.5 1.5 1.5 
355.662 304.193 91.8495 0 0 179.127 1.5 1.5 1.5 
359.265 304.171 91.914 0 0 179.127 1.5 1.5 1.5 
362.904 304.149 91.9792 0 0 179.127 1.5 1.5 1.5 
366.579 304.126 92.045 0 0 179.127 1.5 1.5 1.5 
370.291 304.104 92.1115 0 0 179.127 1.5 1.5 1.5 
374.04 304.081 92.1787 0 0 179.127 1.5 1.5 1.5 
377.827 304.057 92.2465 0 0 179.127 1.5 1.5 1.5 
381.652 304.034 92.315 0 0 179.127 1.5 1.5 1.5 
385.515 304.01 92.3842 0 0 179.127 1.5 1.5 1.5 
389.416 303.986 92.4541 0 0 179.127 1.5 1.5 1.5 
393.357 303.962 92.5247 0 0 179.127 1.5 1.5 1.5 
397.337 303.937 92.596 0 0 179.127 1.5 1.5 1.5 
401.357 303.912 92.668 0 0 179.127 1.5 1.5 1.5 
405.418 303.887 92.7408 0 0 179.127 1.5 1.5 1.5 
409.519 303.862 92.8142 0 0 179.127 1.5 1.5 1.5 
413.661 303.836 92.8884 0 0 179.127 1.5 1.5 1.5 
417.844 303.81 92.9634 0 0 179.127 1.5 1.5 1.5 
422.07 303.784 93.0391 0 0 179.127 1.5 1.5 1.5 
426.338 303.758 93.1155 0 0 179.127 1.5 1.5 1.5 
430.648 303.731 93.1927 0 0 179.127 1.5 1.5 1.5 
435.002 303.704 93.2707 0 0 179.127 1.5 1.5 1.5 
439.399 303.676 93.3495 0 0 179.127 1.5 1.5 1.5 
443.841 303.649 93.429 0 0 179.127 1.5 1.5 1.5 
448.327 303.621 93.5094 0 0 179.127 1.5 1.5 1.5 
452.858 303.593 93.5906 0 0 179.127 1.5 1.5 1.5 
457.434 303.564 93.6725 0 0 179.127 1.5 1.5 1.5 
462.056 303.535 93.7553 0 0 179.127 1.5 1.5 1.5 
466.724 303.506 93.839 0 0 179.127 1.5 1.5 1.5 
471.439 303.476 93.9234 0 0 179.127 1.5 1.5 1.5 
476.202 303.447 94.0087 0 0 179.127 1.5 1.5 1.5 
481.012 303.416 94.0949 0 0 179.127 1.5 1.5 1.5 
485.87 303.386 94.1819 0 0 179.127 1.5 1.5 1.5 
490.777 303.355 94.2698 0 0 179.127 1.5 1.5 1.5 
495.733 303.324 94.3586 0 0 179.127 1.5 1.5 1.5 
500.739 303.292 94.4483 0 0 179.127 1.5 1.5 1.5 
505.794 303.261 94.5388 0 0 179.127 1.5 1.5 1.5 
510.901 303.228 94.6303 0 0 179.127 1.5 1.5 1.5 
516.058 303.196 94.7227 0 0 179.127 1.5 1.5 1.5 
521.268 303.163 94.816 0 0 179.127 1.5 1.5 1.5 
526.529 303.13 94.9102 0 0 179.127 1.5 1.5 1.5 
531.843 303.096 95.0054 0 0 179.127 1.5 1.5 1.5 
537.211 303.062 95.1016 0 0 179.127 1.5 1.5 1.5 
542.632 303.028 95.1987 0 0 179.127 1.5 1.5 1.5 
548.107 302.993 95.2968 0 0 179.127 1.5 1.5 1.5 
553.637 302.958 95.3958 0 0 179.127 1.5 1.5 1.5 
559.223 302.922 95.4959 0 0 179.127 1.5 1.5 1.5 
564.865 302.886 95.597 0 0 179.127 1.5 1.5 1.5 
570.563 302.85 95.699 0 0 179.127 1.5 1.5 1.5 
576.318 302.813 95.8021 0 0 179.127 1.5 1.5 1.5 
582.131 302.776 95.9062 0 0 179.127 1.5 1.5 1.5 
588.002 302.738 96.0114 0 0 179.127 1.5 1.5 1.5 
593.932 302.7 96.1176 0 0 179.127 1.5 1.5 1.5 
599.921 302.662 96.2249 0 0 179.127 1.5 1.5 1.5 
605.97 302.623 96.3333 0 0 179.127 1.5 1.5 1.5 
612.08 302.584 96.4427 0 0 179.127 1.5 1.5 1.5 
618.251 302.544 96.5533 0 0 179.127 1.5 1.5 1.5 
624.484 302.504 96.6649 0 0 179.127 1.5 1.5 1.5 
630.779 302.464 96.7777 0 0 179.127 1.5 1.5 1.5 
637.138 302.422 96.8916 0 0 179.127 1.5 1.5 1.5 
643.56 302.381 97.0066 0 0 179.127 1.5 1.5 1.5 
650.046 302.339 97.1228 0 0 179.127 1.5 1.5 1.5 
656.597 302.297 97.2402 0 0 179.127 1.5 1.5 1.5 
663.214 302.254 97.3587 0 0 179.127 1.5 1.5 1.5 
669.898 302.21 97.4784 0 0 179.127 1.5 1.5 1.5 
676.648 302.166 97.5993 0 0 179.127 1.5 1.5 1.5 
683.465 302.122 97.7215 0 0 179.127 1.5 1.5 1.5 
690.352 302.077 97.8448 0 0 179.127 1.5 1.5 1.5 
697.307 302.032 97.9694 0 0 179.127 1.5 1.5 1.5 
704.331 301.986 98.0952 0 0 179.127 1.5 1.5 1.5 
711.426 301.939 98.2223 0 0 179.127 1.5 1.5 1.5 
718.592 301.892 98.3507 0 0 179.127 1.5 1.5 1.5 
725.83 301.845 98.4804 0 0 179.127 1.5 1.5 1.5 
733.141 301.797 98.6113 0 0 179.127 1.5 1.5 1.5 
740.524 301.748 98.7436 0 0 179.127 1.5 1.5 1.5 
747.982 301.699 98.8772 0 0 179.127 1.5 1.5 1.5 
755.514 301.649 99.0121 0 0 179.127 1.5 1.5 1.5 
763.122 301.599 99.1484 0 0 179.127 1.5 1.5 1.5 
770.806 301.548 99.286 0 0 179.127 1.5 1.5 1.5 
778.567 301.497 99.425 0 0 179.127 1.5 1.5 1.5 
786.406 301.445 99.5655 0 0 179.127 1.5 1.5 1.5 
794.323 301.392 99.7073 0 0 179.127 1.5 1.5 1.5 
802.319 301.339 99.8505 0 0 179.127 1.5 1.5 1.5 
810.396 301.285 99.9952 0 0 179.127 1.5 1.5 1.5 
818.553 301.231 100.141 0 0 179.127 1.5 1.5 1.5 
826.792 301.176 100.289 0 0 179.127 1.5 1.5 1.5 
835.114 301.12 100.438 0 0 179.127 1.5 1.5 1.5 
843.519 301.064 100.589 0 0 179.127 1.5 1.5 1.5 
852.008 301.007 100.741 0 0 179.127 1.5 1.5 1.5 
860.582 300.949 100.894 0 0 179.127 1.5 1.5 1.5 
869.243 300.891 101.049 0 0 179.127 1.5 1.5 1.5 
877.989 300.832 101.206 0 0 179.127 1.5 1.5 1.5 
886.824 300.772 101.364 0 0 179.127 1.5 1.5 1.5 
895.747 300.712 101.524 0 0 179.127 1.5 1.5 1.5 
904.759 300.651 101.686 0 0 179.127 1.5 1.5 1.5 
913.862 300.589 101.849 0 0 179.127 1.5 1.5 1.5 
923.056 300.527 102.013 0 0 179.127 1.5 1.5 1.5 
932.342 300.464 102.18 0 0 179.127 1.5 1.5 1.5 
941.721 300.4 102.348 0 0 179.127 1.5 1.5 1.5 
951.193 300.335 102.517 0 0 179.127 1.5 1.5 1.5 
960.761 300.27 102.689 0 0 179.127 1.5 1.5 1.5 
970.425 300.203 102.862 0 0 179.127 1.5 1.5 1.5 
980.185 300.136 103.037 0 0 179.127 1.5 1.5 1.5 
990.043 300.069 103.213 0 0 179.127 1.5 1.5 1.5 
1000 300 103.302 0 0 179.127 1.5 1.5 1.5 