# ASCII 1D datafile generated by TiberCAD
# x Ec Ev eQFermi hQFermi eDensity hDensity eMobility hMobility ElField_x ElField_y ElField_z Polarization_x Polarization_y Polarization_z CurrentDensity_x CurrentDensity_y CurrentDensity_z 
-200 0.0193344 -1.87942 0 -1.64642 2.86529e+17 4.46485e+14 3350.83 145.842 -371.684 0 0 0 0 0 -43689.1 0 0 
-195.026 0.0191495 -1.87961 -0.000138834 -1.6675 2.86976e+17 1.00183e+15 3350.83 145.842 -364.547 0 0 0 0 0 -43689.1 0 0 
-190.163 0.0189756 -1.87978 -0.000274379 -1.67925 2.87348e+17 1.56752e+15 3350.83 145.842 -354.601 0 0 0 0 0 -43689.1 0 0 
-185.406 0.0188084 -1.87995 -0.000406727 -1.68736 2.87688e+17 2.13148e+15 3350.83 145.842 -350.631 0 0 0 0 0 -43689.1 0 0 
-180.755 0.0186458 -1.88011 -0.000535952 -1.69358 2.88013e+17 2.69364e+15 3350.83 145.842 -349.447 0 0 0 0 0 -43689.1 0 0 
-176.207 0.0184869 -1.88027 -0.00066212 -1.69864 2.88331e+17 3.25569e+15 3350.83 145.842 -349.671 0 0 0 0 0 -43689.1 0 0 
-171.759 0.0183312 -1.88043 -0.000785297 -1.70292 2.88648e+17 3.81954e+15 3350.83 145.842 -350.687 0 0 0 0 0 -43689.1 0 0 
-167.41 0.0181784 -1.88058 -0.000905542 -1.70666 2.88966e+17 4.38706e+15 3350.83 145.842 -352.209 0 0 0 0 0 -43689.1 0 0 
-163.156 0.0180282 -1.88073 -0.00102292 -1.70998 2.89287e+17 4.95991e+15 3350.83 145.842 -354.1 0 0 0 0 0 -43689.1 0 0 
-158.997 0.0178805 -1.88088 -0.00113748 -1.71299 2.89611e+17 5.53958e+15 3350.83 145.842 -356.29 0 0 0 0 0 -43689.1 0 0 
-154.93 0.0177351 -1.88102 -0.00124929 -1.71574 2.8994e+17 6.12735e+15 3350.83 145.842 -358.74 0 0 0 0 0 -43689.1 0 0 
-150.952 0.017592 -1.88117 -0.00135841 -1.71829 2.90274e+17 6.72435e+15 3350.83 145.842 -361.424 0 0 0 0 0 -43689.1 0 0 
-147.063 0.0174508 -1.88131 -0.00146488 -1.72067 2.90613e+17 7.33152e+15 3350.83 145.842 -364.326 0 0 0 0 0 -43689.1 0 0 
-143.26 0.0173117 -1.88145 -0.00156877 -1.7229 2.90959e+17 7.94967e+15 3350.83 145.842 -367.434 0 0 0 0 0 -43689.1 0 0 
-139.54 0.0171744 -1.88158 -0.00167013 -1.72501 2.91312e+17 8.57946e+15 3350.83 145.842 -370.735 0 0 0 0 0 -43689.1 0 0 
-135.903 0.017039 -1.88172 -0.00176901 -1.72702 2.91672e+17 9.22143e+15 3350.83 145.842 -374.221 0 0 0 0 0 -43689.1 0 0 
-132.346 0.0169053 -1.88185 -0.00186547 -1.72892 2.9204e+17 9.876e+15 3350.83 145.842 -377.882 0 0 0 0 0 -43689.1 0 0 
-128.868 0.0167732 -1.88199 -0.00195956 -1.73075 2.92414e+17 1.05435e+16 3350.83 145.842 -381.71 0 0 0 0 0 -43689.1 0 0 
-125.467 0.0166427 -1.88212 -0.00205132 -1.7325 2.92797e+17 1.12241e+16 3350.83 145.842 -385.696 0 0 0 0 0 -43689.1 0 0 
-122.14 0.0165137 -1.88225 -0.00214081 -1.73418 2.93187e+17 1.19181e+16 3350.83 145.842 -389.833 0 0 0 0 0 -43689.1 0 0 
-118.888 0.0163863 -1.88237 -0.00222808 -1.7358 2.93585e+17 1.26254e+16 3350.83 145.842 -394.113 0 0 0 0 0 -43689.1 0 0 
-115.707 0.0162602 -1.8825 -0.00231318 -1.73736 2.9399e+17 1.3346e+16 3350.83 145.842 -398.529 0 0 0 0 0 -43689.1 0 0 
-112.597 0.0161356 -1.88262 -0.00239615 -1.73887 2.94404e+17 1.40798e+16 3350.83 145.842 -403.073 0 0 0 0 0 -43689.1 0 0 
-109.555 0.0160123 -1.88275 -0.00247705 -1.74033 2.94825e+17 1.48268e+16 3350.83 145.842 -407.738 0 0 0 0 0 -43689.1 0 0 
-106.581 0.0158903 -1.88287 -0.00255591 -1.74175 2.95254e+17 1.55866e+16 3350.83 145.842 -412.517 0 0 0 0 0 -43689.1 0 0 
-103.672 0.0157696 -1.88299 -0.00263279 -1.74312 2.9569e+17 1.63591e+16 3350.83 145.842 -417.402 0 0 0 0 0 -43689.1 0 0 
-100.828 0.0156502 -1.88311 -0.00270773 -1.74446 2.96133e+17 1.71439e+16 3350.83 145.842 -422.386 0 0 0 0 0 -43689.1 0 0 
-98.0464 0.015532 -1.88323 -0.00278077 -1.74575 2.96584e+17 1.79407e+16 3350.83 145.842 -427.462 0 0 0 0 0 -43689.1 0 0 
-95.3264 0.0154151 -1.88334 -0.00285196 -1.74701 2.97042e+17 1.87491e+16 3350.83 145.842 -432.621 0 0 0 0 0 -43689.1 0 0 
-92.6665 0.0152993 -1.88346 -0.00292134 -1.74823 2.97506e+17 1.95687e+16 3350.83 145.842 -437.856 0 0 0 0 0 -43689.1 0 0 
-90.0655 0.0151848 -1.88357 -0.00298896 -1.74942 2.97977e+17 2.0399e+16 3350.83 145.842 -443.157 0 0 0 0 0 -43689.1 0 0 
-87.5219 0.0150714 -1.88369 -0.00305484 -1.75058 2.98453e+17 2.12397e+16 3350.83 145.842 -448.515 0 0 0 0 0 -43689.1 0 0 
-85.0346 0.0149592 -1.8838 -0.00311904 -1.75171 2.98936e+17 2.20901e+16 3350.83 145.842 -453.917 0 0 0 0 0 -43689.1 0 0 
-82.6022 0.0148481 -1.88391 -0.0031816 -1.75281 2.99425e+17 2.29497e+16 3350.83 145.842 -459.351 0 0 0 0 0 -43689.1 0 0 
-80.2236 0.0147382 -1.88402 -0.00324255 -1.75388 2.99918e+17 2.38181e+16 3350.83 145.842 -464.799 0 0 0 0 0 -43689.1 0 0 
-77.8976 0.0146295 -1.88413 -0.00330194 -1.75493 3.00416e+17 2.46947e+16 3350.83 145.842 -470.241 0 0 0 0 0 -43689.1 0 0 
-75.6231 0.0145219 -1.88424 -0.00335979 -1.75595 3.00919e+17 2.5579e+16 3350.83 145.842 -475.651 0 0 0 0 0 -43689.1 0 0 
-73.3988 0.0144155 -1.88434 -0.00341615 -1.75694 3.01426e+17 2.64703e+16 3350.83 145.842 -480.996 0 0 0 0 0 -43689.1 0 0 
-71.2236 0.0143103 -1.88445 -0.00347106 -1.75791 3.01936e+17 2.73682e+16 3350.83 145.842 -486.232 0 0 0 0 0 -43689.1 0 0 
-69.0966 0.0142063 -1.88455 -0.00352455 -1.75886 3.02448e+17 2.82721e+16 3350.83 145.842 -491.303 0 0 0 0 0 -43689.1 0 0 
-67.0165 0.0141036 -1.88466 -0.00357666 -1.75978 3.02963e+17 2.91814e+16 3350.83 145.842 -496.134 0 0 0 0 0 -43689.1 0 0 
-64.9825 0.0140022 -1.88476 -0.00362741 -1.76068 3.03479e+17 3.00957e+16 3350.83 145.842 -500.631 0 0 0 0 0 -43689.1 0 0 
-62.9934 0.0139022 -1.88486 -0.00367685 -1.76156 3.03994e+17 3.10144e+16 3350.83 145.842 -504.666 0 0 0 0 0 -43689.1 0 0 
-61.0483 0.0138037 -1.88496 -0.00372501 -1.76242 3.04509e+17 3.19372e+16 3350.83 145.842 -508.079 0 0 0 0 0 -43689.1 0 0 
-59.1461 0.0137068 -1.88505 -0.00377192 -1.76326 3.05021e+17 3.28636e+16 3350.83 145.842 -510.66 0 0 0 0 0 -43689.1 0 0 
-57.2861 0.0136116 -1.88515 -0.00381762 -1.76408 3.05528e+17 3.37932e+16 3350.83 145.842 -512.139 0 0 0 0 0 -43689.1 0 0 
-55.4671 0.0135184 -1.88524 -0.00386213 -1.76488 3.06028e+17 3.47258e+16 3350.83 145.842 -512.172 0 0 0 0 0 -43689.1 0 0 
-53.6883 0.0134273 -1.88533 -0.00390549 -1.76566 3.06517e+17 3.56613e+16 3350.83 145.842 -510.323 0 0 0 0 0 -43689.1 0 0 
-51.9489 0.0133388 -1.88542 -0.00394773 -1.76642 3.06994e+17 3.65996e+16 3350.83 145.842 -506.041 0 0 0 0 0 -43689.1 0 0 
-50.2479 0.0132532 -1.88551 -0.00398887 -1.76717 3.07452e+17 3.75409e+16 3350.83 145.842 -498.633 0 0 0 0 0 -43689.1 0 0 
-48.5846 0.013171 -1.88559 -0.00402896 -1.76789 3.07886e+17 3.84854e+16 3350.83 145.842 -487.235 0 0 0 0 0 -43689.1 0 0 
-46.9579 0.0130929 -1.88567 -0.00406802 -1.7686 3.0829e+17 3.94338e+16 3350.83 145.842 -470.776 0 0 0 0 0 -43689.1 0 0 
-45.3673 0.0130195 -1.88574 -0.00410608 -1.7693 3.08655e+17 4.03869e+16 3350.83 145.842 -447.935 0 0 0 0 0 -43689.1 0 0 
-43.8118 0.0129518 -1.88581 -0.00414317 -1.76997 3.08971e+17 4.1346e+16 3350.83 145.842 -417.095 0 0 0 0 0 -43689.1 0 0 
-42.2907 0.012891 -1.88587 -0.00417933 -1.77063 3.09226e+17 4.23128e+16 3350.83 145.842 -376.281 0 0 0 0 0 -43689.1 0 0 
-40.8032 0.0128385 -1.88592 -0.00421458 -1.77128 3.09406e+17 4.32895e+16 3350.83 145.842 -323.106 0 0 0 0 0 -43689.1 0 0 
-39.3486 0.0127958 -1.88596 -0.00424895 -1.77191 3.09492e+17 4.42789e+16 3350.83 145.842 -254.692 0 0 0 0 0 -43689.1 0 0 
-37.9262 0.0127649 -1.88599 -0.00428249 -1.77252 3.09464e+17 4.52846e+16 3350.83 145.842 -167.591 0 0 0 0 0 -43689.1 0 0 
-36.5352 0.0127483 -1.88601 -0.00431522 -1.77312 3.09297e+17 4.63114e+16 3350.83 145.842 -57.6982 0 0 0 0 0 -43689.1 0 0 
-35.1749 0.0127487 -1.88601 -0.00434718 -1.7737 3.08962e+17 4.73648e+16 3350.83 145.842 79.8485 0 0 0 0 0 -43689.1 0 0 
-33.8447 0.0127693 -1.88599 -0.00437841 -1.77427 3.08425e+17 4.84518e+16 3350.83 145.842 250.777 0 0 0 0 0 -43689.1 0 0 
-32.5439 0.0128141 -1.88594 -0.00440894 -1.77483 3.07648e+17 4.95811e+16 3350.83 145.842 461.798 0 0 0 0 0 -43689.1 0 0 
-31.2719 0.0128875 -1.88587 -0.00443881 -1.77536 3.06584e+17 5.07629e+16 3350.83 145.842 720.73 0 0 0 0 0 -43689.1 0 0 
-30.028 0.0129947 -1.88576 -0.00446808 -1.77589 3.05184e+17 5.20101e+16 3350.83 145.842 1036.64 0 0 0 0 0 -43689.1 0 0 
-28.8116 0.0131416 -1.88562 -0.00449678 -1.7764 3.0339e+17 5.33379e+16 3350.83 145.842 1419.97 0 0 0 0 0 -43689.1 0 0 
-27.6221 0.0133352 -1.88542 -0.00452498 -1.77689 3.01137e+17 5.47648e+16 3350.83 145.842 1882.7 0 0 0 0 0 -43689.1 0 0 
-26.4588 0.0135832 -1.88518 -0.00455271 -1.77737 2.98356e+17 5.63133e+16 3350.83 145.842 2438.52 0 0 0 0 0 -43689.1 0 0 
-25.3213 0.0138946 -1.88486 -0.00458006 -1.77783 2.9497e+17 5.80103e+16 3350.83 145.842 3102.94 0 0 0 0 0 -43689.1 0 0 
-24.209 0.0142795 -1.88448 -0.00460707 -1.77827 2.90899e+17 5.98887e+16 3350.83 145.842 3893.46 0 0 0 0 0 -43689.1 0 0 
-23.1212 0.0147492 -1.88401 -0.00463384 -1.7787 2.86058e+17 6.19885e+16 3350.83 145.842 4829.79 0 0 0 0 0 -43689.1 0 0 
-22.0574 0.0153162 -1.88344 -0.00466043 -1.7791 2.80362e+17 6.43581e+16 3350.83 145.842 5933.92 0 0 0 0 0 -43689.1 0 0 
-21.0172 0.0159948 -1.88276 -0.00468696 -1.77949 2.73725e+17 6.70573e+16 3350.83 145.842 7230.32 0 0 0 0 0 -43689.1 0 0 
-20 0.0168006 -1.88196 -0.00471353 -1.77987 2.6607e+17 7.01597e+16 3350.83 145.842 7921.39 0 0 0 0 0 -43689.1 0 0 
-20 0.0168006 -1.88196 -0.00471353 -1.77987 2.6607e+17 7.01597e+16 6116.11 284.124 7279.88 0 0 0 0 0 -43689.1 0 0 
-19 0.0175286 -1.88123 -0.00472821 -1.78005 2.594e+17 7.26541e+16 6116.11 284.124 5882.4 0 0 0 0 0 -43689.1 0 0 
-18 0.0179771 -1.88078 -0.00474319 -1.78022 2.55312e+17 7.44183e+16 6116.11 284.124 3131.33 0 0 0 0 0 -43689.1 0 0 
-17 0.0181549 -1.8806 -0.00475835 -1.7804 2.53628e+17 7.54274e+16 6116.11 284.124 444.357 0 0 0 0 0 -43689.1 0 0 
-16 0.018066 -1.88069 -0.00477353 -1.78057 2.5427e+17 7.56671e+16 6116.11 284.124 -2225.44 0 0 0 0 0 -43689.1 0 0 
-15 0.0177098 -1.88105 -0.00478861 -1.78074 2.57262e+17 7.51335e+16 6116.11 284.124 -3561.85 0 0 0 0 0 -43689.1 0 0 
-15 0.0177098 -1.88105 -0.00478861 -1.78074 2.57394e+17 7.52747e+16 6116.11 284.124 -6257.1 0 0 0 0 0 -43688.4 0 0 
-14.0223 0.017098 -1.88166 -0.00480311 -1.78091 2.63141e+17 7.44252e+16 6116.11 284.124 -7637.86 0 0 0 0 0 -43688.4 0 0 
-13.1307 0.0163047 -1.88245 -0.00481598 -1.78107 2.71677e+17 7.39132e+16 6116.11 284.124 -10216.9 0 0 0 0 0 -43688.3 0 0 
-12.3175 0.015376 -1.88338 -0.0048273 -1.78121 2.83167e+17 7.40588e+16 6116.11 284.124 -12693.3 0 0 0 0 0 -43688.2 0 0 
-11.5759 0.0143486 -1.88441 -0.00483716 -1.78134 2.98236e+17 7.53527e+16 6116.11 284.124 -15091.2 0 0 0 0 0 -43688.1 0 0 
-10.8995 0.0132515 -1.88551 -0.00484566 -1.78145 3.17994e+17 7.84822e+16 6116.11 284.124 -17432.1 0 0 0 0 0 -43688 0 0 
-10.2827 0.012108 -1.88665 -0.00485288 -1.78155 3.44109e+17 8.43734e+16 6116.11 284.124 -19736.8 0 0 0 0 0 -43688 0 0 
-9.72008 0.0109361 -1.88782 -0.00485892 -1.78164 3.78913e+17 9.42532e+16 6116.11 284.124 -22028.5 0 0 0 0 0 -43687.9 0 0 
-9.207 0.00974982 -1.88901 -0.00486388 -1.7817 4.25521e+17 1.0973e+17 6116.11 284.124 -24333.2 0 0 0 0 0 -43687.9 0 0 
-8.73906 0.00855946 -1.8902 -0.00486786 -1.78175 4.87976e+17 1.32895e+17 6116.11 284.124 -26681 0 0 0 0 0 -43687.9 0 0 
-8.3123 0.00737246 -1.89139 -0.00487101 -1.78179 5.71362e+17 1.66454e+17 6116.11 284.124 -29105.8 0 0 0 0 0 -43688 0 0 
-7.92309 0.00619378 -1.89257 -0.00487343 -1.78182 6.81879e+17 2.13883e+17 6116.11 284.124 -31645 0 0 0 0 0 -43688.1 0 0 
-7.56812 0.00502642 -1.89373 -0.00487527 -1.78184 8.26822e+17 2.79613e+17 6116.11 284.124 -34337.5 0 0 0 0 0 -43688.2 0 0 
-7.24439 0.00387196 -1.89489 -0.00487664 -1.78185 1.01444e+18 3.69213e+17 6116.11 284.124 -37221.1 0 0 0 0 0 -43688.3 0 0 
-6.94914 0.00273101 -1.89603 -0.00487766 -1.78186 1.25363e+18 4.89542e+17 6116.11 284.124 -40328.9 0 0 0 0 0 -43688.4 0 0 
-6.67987 0.0016037 -1.89716 -0.0048784 -1.78187 1.55354e+18 6.48825e+17 6116.11 284.124 -43685.1 0 0 0 0 0 -43688.5 0 0 
-6.4343 0.000490144 -1.89827 -0.00487895 -1.78187 1.92299e+18 8.56613e+17 6116.11 284.124 -47300.6 0 0 0 0 0 -43688.6 0 0 
-6.21033 -0.000609197 -1.89937 -0.00487936 -1.78187 2.36987e+18 1.12359e+18 6116.11 284.124 -51170.1 0 0 0 0 0 -43688.7 0 0 
-6.00607 -0.00169325 -1.90045 -0.00487966 -1.78187 2.90064e+18 1.46119e+18 6116.11 284.124 -55269.4 0 0 0 0 0 -43688.7 0 0 
-5.81978 -0.00276019 -1.90152 -0.00487989 -1.78188 3.51973e+18 1.88111e+18 6116.11 284.124 -59555.5 0 0 0 0 0 -43688.8 0 0 
-5.64988 -0.00380739 -1.90257 -0.00488006 -1.78188 4.22925e+18 2.39466e+18 6116.11 284.124 -63967.9 0 0 0 0 0 -43688.9 0 0 
-5.49493 -0.0048315 -1.90359 -0.00488019 -1.78188 5.02875e+18 3.01208e+18 6116.11 284.124 -68431.9 0 0 0 0 0 -43688.9 0 0 
-5.35362 -0.00582867 -1.90459 -0.00488029 -1.78188 5.91521e+18 3.74184e+18 6116.11 284.124 -72863.2 0 0 0 0 0 -43688.9 0 0 
-5.22474 -0.00679476 -1.90555 -0.00488036 -1.78188 6.88322e+18 4.59006e+18 6116.11 284.124 -77173.4 0 0 0 0 0 -43689 0 0 
-5.1072 -0.00772559 -1.90648 -0.00488043 -1.78188 7.92522e+18 5.56007e+18 6116.11 284.124 -81275.2 0 0 0 0 0 -43689 0 0 
-5 -0.00861721 -1.90738 -0.00488047 -1.78188 8.47146e+18 6.07525e+18 6116.11 284.124 -83175 0 0 0 0 0 -43689 0 0 
-5 -0.326844 -1.74933 -0.00488047 -1.78188 8.86041e+18 7.36743e+18 8066.54 350.526 -80496.7 0 0 0 0 0 -43689.1 0 0 
-4.89899 -0.327657 -1.75014 -0.00488051 -1.78188 9.26257e+18 7.89829e+18 8066.54 350.526 -81461 0 0 0 0 0 -43689.1 0 0 
-4.79798 -0.328489 -1.75097 -0.00488054 -1.78188 1.00623e+19 8.96414e+18 8066.54 350.526 -83201.5 0 0 0 0 0 -43689.1 0 0 
-4.69697 -0.329337 -1.75182 -0.00488057 -1.78188 1.085e+19 1.00307e+19 8066.54 350.526 -84556.8 0 0 0 0 0 -43689.1 0 0 
-4.59596 -0.330197 -1.75268 -0.00488059 -1.78188 1.16196e+19 1.10835e+19 8066.54 350.526 -85514.7 0 0 0 0 0 -43689.1 0 0 
-4.49495 -0.331065 -1.75355 -0.00488062 -1.78188 1.23656e+19 1.21095e+19 8066.54 350.526 -86074.6 0 0 0 0 0 -43689.1 0 0 
-4.39394 -0.331936 -1.75442 -0.00488064 -1.78188 1.3083e+19 1.30969e+19 8066.54 350.526 -86245.8 0 0 0 0 0 -43689.1 0 0 
-4.29293 -0.332807 -1.75529 -0.00488066 -1.78188 1.37673e+19 1.40359e+19 8066.54 350.526 -86046.1 0 0 0 0 0 -43689.1 0 0 
-4.19192 -0.333675 -1.75616 -0.00488068 -1.78188 1.44146e+19 1.49182e+19 8066.54 350.526 -85500.3 0 0 0 0 0 -43689.1 0 0 
-4.09091 -0.334535 -1.75702 -0.0048807 -1.78188 1.50215e+19 1.57372e+19 8066.54 350.526 -84638.4 0 0 0 0 0 -43689.1 0 0 
-3.9899 -0.335384 -1.75787 -0.00488072 -1.78188 1.55854e+19 1.64885e+19 8066.54 350.526 -83494.3 0 0 0 0 0 -43689.1 0 0 
-3.88889 -0.336221 -1.7587 -0.00488074 -1.78188 1.61043e+19 1.71688e+19 8066.54 350.526 -82103.6 0 0 0 0 0 -43689.1 0 0 
-3.78788 -0.337043 -1.75953 -0.00488076 -1.78188 1.65766e+19 1.77769e+19 8066.54 350.526 -80502.8 0 0 0 0 0 -43689.1 0 0 
-3.68687 -0.337848 -1.76033 -0.00488078 -1.78188 1.70018e+19 1.83127e+19 8066.54 350.526 -78727.9 0 0 0 0 0 -43689.1 0 0 
-3.58586 -0.338634 -1.76112 -0.00488079 -1.78188 1.73796e+19 1.87777e+19 8066.54 350.526 -76813.1 0 0 0 0 0 -43689.1 0 0 
-3.48485 -0.3394 -1.76188 -0.00488081 -1.78188 1.77104e+19 1.91744e+19 8066.54 350.526 -74790.2 0 0 0 0 0 -43689.1 0 0 
-3.38384 -0.340145 -1.76263 -0.00488083 -1.78188 1.79954e+19 1.95062e+19 8066.54 350.526 -72687.7 0 0 0 0 0 -43689.1 0 0 
-3.28283 -0.340868 -1.76335 -0.00488084 -1.78188 1.8236e+19 1.97773e+19 8066.54 350.526 -70530.5 0 0 0 0 0 -43689.1 0 0 
-3.18182 -0.341569 -1.76405 -0.00488086 -1.78188 1.84342e+19 1.99925e+19 8066.54 350.526 -68339.7 0 0 0 0 0 -43689.1 0 0 
-3.08081 -0.342249 -1.76473 -0.00488087 -1.78188 1.85925e+19 2.01571e+19 8066.54 350.526 -66132.4 0 0 0 0 0 -43689.1 0 0 
-2.9798 -0.342905 -1.76539 -0.00488089 -1.78188 1.87134e+19 2.02763e+19 8066.54 350.526 -63921.9 0 0 0 0 0 -43689.1 0 0 
-2.87879 -0.34354 -1.76602 -0.00488091 -1.78188 1.88002e+19 2.03558e+19 8066.54 350.526 -61717.7 0 0 0 0 0 -43689.1 0 0 
-2.77778 -0.344152 -1.76663 -0.00488092 -1.78188 1.88559e+19 2.0401e+19 8066.54 350.526 -59526.1 0 0 0 0 0 -43689.1 0 0 
-2.67677 -0.344742 -1.76722 -0.00488094 -1.78188 1.8884e+19 2.0417e+19 8066.54 350.526 -57350.5 0 0 0 0 0 -43689.1 0 0 
-2.57576 -0.345311 -1.76779 -0.00488095 -1.78188 1.88879e+19 2.04089e+19 8066.54 350.526 -55192 0 0 0 0 0 -43689.1 0 0 
-2.47475 -0.345857 -1.76834 -0.00488097 -1.78188 1.8871e+19 2.03813e+19 8066.54 350.526 -53049.5 0 0 0 0 0 -43689.1 0 0 
-2.37374 -0.346382 -1.76886 -0.00488098 -1.78188 1.88368e+19 2.03384e+19 8066.54 350.526 -50920.7 0 0 0 0 0 -43689.1 0 0 
-2.27273 -0.346886 -1.76937 -0.004881 -1.78188 1.87885e+19 2.02841e+19 8066.54 350.526 -48802.2 0 0 0 0 0 -43689.1 0 0 
-2.17172 -0.347368 -1.76985 -0.00488101 -1.78188 1.87293e+19 2.02217e+19 8066.54 350.526 -46690.3 0 0 0 0 0 -43689.1 0 0 
-2.07071 -0.347829 -1.77031 -0.00488103 -1.78188 1.86621e+19 2.01541e+19 8066.54 350.526 -44580.8 0 0 0 0 0 -43689.1 0 0 
-1.9697 -0.348269 -1.77075 -0.00488105 -1.78188 1.85895e+19 2.00837e+19 8066.54 350.526 -42470.2 0 0 0 0 0 -43689.1 0 0 
-1.86869 -0.348687 -1.77117 -0.00488106 -1.78188 1.85141e+19 2.00126e+19 8066.54 350.526 -40354.9 0 0 0 0 0 -43689.1 0 0 
-1.76768 -0.349084 -1.77157 -0.00488108 -1.78188 1.84379e+19 1.99424e+19 8066.54 350.526 -38232.4 0 0 0 0 0 -43689.1 0 0 
-1.66667 -0.34946 -1.77194 -0.00488109 -1.78188 1.83627e+19 1.98743e+19 8066.54 350.526 -36100.6 0 0 0 0 0 -43689.1 0 0 
-1.56566 -0.349814 -1.7723 -0.00488111 -1.78188 1.82902e+19 1.98094e+19 8066.54 350.526 -33958.4 0 0 0 0 0 -43689.1 0 0 
-1.46465 -0.350146 -1.77263 -0.00488112 -1.78188 1.82215e+19 1.97484e+19 8066.54 350.526 -31805.4 0 0 0 0 0 -43689.1 0 0 
-1.36364 -0.350456 -1.77294 -0.00488114 -1.78188 1.81574e+19 1.96916e+19 8066.54 350.526 -29641.8 0 0 0 0 0 -43689.1 0 0 
-1.26263 -0.350745 -1.77323 -0.00488116 -1.78188 1.80988e+19 1.96394e+19 8066.54 350.526 -27468.5 0 0 0 0 0 -43689.1 0 0 
-1.16162 -0.351011 -1.77349 -0.00488117 -1.78188 1.80459e+19 1.95919e+19 8066.54 350.526 -25287 0 0 0 0 0 -43689.1 0 0 
-1.06061 -0.351255 -1.77374 -0.00488119 -1.78188 1.7999e+19 1.9549e+19 8066.54 350.526 -23098.7 0 0 0 0 0 -43689.1 0 0 
-0.959596 -0.351478 -1.77396 -0.0048812 -1.78188 1.79579e+19 1.95108e+19 8066.54 350.526 -20905.5 0 0 0 0 0 -43689.1 0 0 
-0.858586 -0.351678 -1.77416 -0.00488122 -1.78188 1.79226e+19 1.94771e+19 8066.54 350.526 -18709.3 0 0 0 0 0 -43689.1 0 0 
-0.757576 -0.351856 -1.77434 -0.00488124 -1.78188 1.78927e+19 1.94476e+19 8066.54 350.526 -16511.6 0 0 0 0 0 -43689.1 0 0 
-0.656566 -0.352011 -1.77449 -0.00488125 -1.78188 1.78679e+19 1.94224e+19 8066.54 350.526 -14313.8 0 0 0 0 0 -43689.1 0 0 
-0.555556 -0.352145 -1.77463 -0.00488127 -1.78188 1.78476e+19 1.94011e+19 8066.54 350.526 -12117.1 0 0 0 0 0 -43689.1 0 0 
-0.454545 -0.352256 -1.77474 -0.00488129 -1.78188 1.78316e+19 1.93837e+19 8066.54 350.526 -9922.08 0 0 0 0 0 -43689.1 0 0 
-0.353535 -0.352345 -1.77483 -0.0048813 -1.78188 1.78192e+19 1.93699e+19 8066.54 350.526 -7729.02 0 0 0 0 0 -43689.1 0 0 
-0.252525 -0.352412 -1.77489 -0.00488132 -1.78188 1.78103e+19 1.93598e+19 8066.54 350.526 -5537.82 0 0 0 0 0 -43689.1 0 0 
-0.151515 -0.352457 -1.77494 -0.00488133 -1.78188 1.78044e+19 1.93531e+19 8066.54 350.526 -3348.02 0 0 0 0 0 -43689.1 0 0 
-0.0505051 -0.35248 -1.77496 -0.00488135 -1.78188 1.78015e+19 1.935e+19 8066.54 350.526 -1158.9 0 0 0 0 0 -43689.1 0 0 
0.0505051 -0.352481 -1.77496 -0.00488137 -1.78188 1.78013e+19 1.93503e+19 8066.54 350.526 1030.44 0 0 0 0 0 -43689.1 0 0 
0.151515 -0.352459 -1.77494 -0.00488138 -1.78188 1.78038e+19 1.93541e+19 8066.54 350.526 3220.98 0 0 0 0 0 -43689.1 0 0 
0.252525 -0.352415 -1.7749 -0.0048814 -1.78188 1.78093e+19 1.93614e+19 8066.54 350.526 5413.66 0 0 0 0 0 -43689.1 0 0 
0.353535 -0.35235 -1.77483 -0.00488142 -1.78188 1.7818e+19 1.93724e+19 8066.54 350.526 7609.28 0 0 0 0 0 -43689.1 0 0 
0.454545 -0.352262 -1.77474 -0.00488143 -1.78188 1.78301e+19 1.93871e+19 8066.54 350.526 9808.41 0 0 0 0 0 -43689.1 0 0 
0.555556 -0.352152 -1.77463 -0.00488145 -1.78188 1.7846e+19 1.94057e+19 8066.54 350.526 12011.3 0 0 0 0 0 -43689.1 0 0 
0.656566 -0.352019 -1.7745 -0.00488146 -1.78188 1.78661e+19 1.94283e+19 8066.54 350.526 14217.8 0 0 0 0 0 -43689.1 0 0 
0.757576 -0.351864 -1.77435 -0.00488148 -1.78188 1.7891e+19 1.94552e+19 8066.54 350.526 16427.5 0 0 0 0 0 -43689.1 0 0 
0.858586 -0.351687 -1.77417 -0.0048815 -1.78188 1.7921e+19 1.94865e+19 8066.54 350.526 18639.5 0 0 0 0 0 -43689.1 0 0 
0.959596 -0.351488 -1.77397 -0.00488151 -1.78188 1.79566e+19 1.95224e+19 8066.54 350.526 20852.7 0 0 0 0 0 -43689.1 0 0 
1.06061 -0.351266 -1.77375 -0.00488153 -1.78188 1.79979e+19 1.9563e+19 8066.54 350.526 23065.6 0 0 0 0 0 -43689.1 0 0 
1.16162 -0.351022 -1.7735 -0.00488154 -1.78188 1.80453e+19 1.96085e+19 8066.54 350.526 25276.7 0 0 0 0 0 -43689.1 0 0 
1.26263 -0.350755 -1.77324 -0.00488156 -1.78188 1.80987e+19 1.9659e+19 8066.54 350.526 27484.5 0 0 0 0 0 -43689.1 0 0 
1.36364 -0.350467 -1.77295 -0.00488158 -1.78188 1.81579e+19 1.97145e+19 8066.54 350.526 29687.6 0 0 0 0 0 -43689.1 0 0 
1.46465 -0.350156 -1.77264 -0.00488159 -1.78188 1.82224e+19 1.97747e+19 8066.54 350.526 31884.9 0 0 0 0 0 -43689.1 0 0 
1.56566 -0.349822 -1.7723 -0.00488161 -1.78188 1.82918e+19 1.98395e+19 8066.54 350.526 34076 0 0 0 0 0 -43689.1 0 0 
1.66667 -0.349467 -1.77195 -0.00488162 -1.78188 1.83649e+19 1.99083e+19 8066.54 350.526 36260.8 0 0 0 0 0 -43689.1 0 0 
1.76768 -0.34909 -1.77157 -0.00488164 -1.78188 1.84405e+19 1.99805e+19 8066.54 350.526 38440.2 0 0 0 0 0 -43689.1 0 0 
1.86869 -0.348691 -1.77117 -0.00488165 -1.78188 1.85172e+19 2.0055e+19 8066.54 350.526 40615.5 0 0 0 0 0 -43689.1 0 0 
1.9697 -0.348269 -1.77075 -0.00488167 -1.78188 1.85929e+19 2.01306e+19 8066.54 350.526 42789.3 0 0 0 0 0 -43689.1 0 0 
2.07071 -0.347826 -1.77031 -0.00488169 -1.78188 1.86657e+19 2.02057e+19 8066.54 350.526 44964.6 0 0 0 0 0 -43689.1 0 0 
2.17172 -0.347361 -1.76984 -0.0048817 -1.78188 1.87329e+19 2.02782e+19 8066.54 350.526 47145.3 0 0 0 0 0 -43689.1 0 0 
2.27273 -0.346874 -1.76936 -0.00488172 -1.78188 1.87919e+19 2.03457e+19 8066.54 350.526 49335.7 0 0 0 0 0 -43689.1 0 0 
2.37374 -0.346364 -1.76885 -0.00488173 -1.78188 1.88398e+19 2.04052e+19 8066.54 350.526 51540.4 0 0 0 0 0 -43689.1 0 0 
2.47475 -0.345833 -1.76831 -0.00488175 -1.78188 1.88733e+19 2.04535e+19 8066.54 350.526 53763.7 0 0 0 0 0 -43689.1 0 0 
2.57576 -0.345278 -1.76776 -0.00488176 -1.78188 1.88892e+19 2.04868e+19 8066.54 350.526 56009.8 0 0 0 0 0 -43689.1 0 0 
2.67677 -0.344701 -1.76718 -0.00488178 -1.78188 1.88841e+19 2.05008e+19 8066.54 350.526 58281.7 0 0 0 0 0 -43689.1 0 0 
2.77778 -0.344101 -1.76658 -0.00488179 -1.78188 1.88545e+19 2.04909e+19 8066.54 350.526 60581 0 0 0 0 0 -43689.1 0 0 
2.87879 -0.343477 -1.76596 -0.00488181 -1.78188 1.87969e+19 2.04521e+19 8066.54 350.526 62907.5 0 0 0 0 0 -43689.1 0 0 
2.9798 -0.34283 -1.76531 -0.00488182 -1.78188 1.8708e+19 2.03792e+19 8066.54 350.526 65258.6 0 0 0 0 0 -43689.1 0 0 
3.08081 -0.342159 -1.76464 -0.00488184 -1.78188 1.85847e+19 2.02666e+19 8066.54 350.526 67628.6 0 0 0 0 0 -43689.1 0 0 
3.18182 -0.341464 -1.76395 -0.00488185 -1.78188 1.84238e+19 2.01089e+19 8066.54 350.526 70008.4 0 0 0 0 0 -43689.1 0 0 
3.28283 -0.340744 -1.76323 -0.00488187 -1.78188 1.82227e+19 1.99006e+19 8066.54 350.526 72385.5 0 0 0 0 0 -43689.1 0 0 
3.38384 -0.340001 -1.76248 -0.00488188 -1.78188 1.79791e+19 1.96365e+19 8066.54 350.526 74742.9 0 0 0 0 0 -43689.1 0 0 
3.48485 -0.339235 -1.76172 -0.0048819 -1.78189 1.76909e+19 1.93115e+19 8066.54 350.526 77059.8 0 0 0 0 0 -43689.1 0 0 
3.58586 -0.338445 -1.76093 -0.00488192 -1.78189 1.73567e+19 1.89214e+19 8066.54 350.526 79311.2 0 0 0 0 0 -43689.1 0 0 
3.68687 -0.337632 -1.76011 -0.00488193 -1.78189 1.69756e+19 1.84626e+19 8066.54 350.526 81468.1 0 0 0 0 0 -43689.1 0 0 
3.78788 -0.336799 -1.75928 -0.00488195 -1.78189 1.65471e+19 1.79324e+19 8066.54 350.526 83498.3 0 0 0 0 0 -43689.1 0 0 
3.88889 -0.335945 -1.75843 -0.00488197 -1.78189 1.60714e+19 1.73293e+19 8066.54 350.526 85366.6 0 0 0 0 0 -43689.1 0 0 
3.9899 -0.335074 -1.75756 -0.00488198 -1.78189 1.55494e+19 1.6653e+19 8066.54 350.526 87035.7 0 0 0 0 0 -43689.1 0 0 
4.09091 -0.334187 -1.75667 -0.004882 -1.78189 1.49825e+19 1.59047e+19 8066.54 350.526 88467.5 0 0 0 0 0 -43689.1 0 0 
4.19192 -0.333287 -1.75577 -0.00488202 -1.78189 1.43729e+19 1.50873e+19 8066.54 350.526 89624.2 0 0 0 0 0 -43689.1 0 0 
4.29293 -0.332377 -1.75486 -0.00488204 -1.78189 1.37232e+19 1.42053e+19 8066.54 350.526 90469.9 0 0 0 0 0 -43689.1 0 0 
4.39394 -0.331459 -1.75394 -0.00488206 -1.78189 1.30368e+19 1.32649e+19 8066.54 350.526 90972 0 0 0 0 0 -43689.1 0 0 
4.49495 -0.330539 -1.75302 -0.00488209 -1.78189 1.23177e+19 1.22745e+19 8066.54 350.526 91102.7 0 0 0 0 0 -43689.1 0 0 
4.59596 -0.329619 -1.7521 -0.00488211 -1.78189 1.15705e+19 1.12437e+19 8066.54 350.526 90841.2 0 0 0 0 0 -43689.1 0 0 
4.69697 -0.328704 -1.75119 -0.00488213 -1.78189 1.08001e+19 1.01844e+19 8066.54 350.526 90175 0 0 0 0 0 -43689.1 0 0 
4.79798 -0.327797 -1.75028 -0.00488216 -1.78189 1.00122e+19 9.1096e+18 8066.54 350.526 89101.8 0 0 0 0 0 -43689.1 0 0 
4.89899 -0.326904 -1.74939 -0.00488219 -1.78189 9.21273e+18 8.03392e+18 8066.54 350.526 87630.7 0 0 0 0 0 -43689.1 0 0 
5 -0.326027 -1.74851 -0.00488222 -1.78189 8.81083e+18 7.49777e+18 8066.54 350.526 86797.5 0 0 0 0 0 -43689.1 0 0 
5 -0.00780046 -1.90656 -0.00488222 -1.78189 8.40859e+18 6.19442e+18 6116.11 284.124 90207.1 0 0 0 0 0 -43689 0 0 
5.1072 -0.00683346 -1.90559 -0.00488227 -1.78189 7.86214e+18 5.67325e+18 6116.11 284.124 88448.6 0 0 0 0 0 -43689 0 0 
5.22474 -0.0058165 -1.90458 -0.00488233 -1.78189 6.82064e+18 4.69167e+18 6116.11 284.124 84646.3 0 0 0 0 0 -43689 0 0 
5.35362 -0.00475206 -1.90351 -0.00488241 -1.78189 5.85315e+18 3.8329e+18 6116.11 284.124 80642.1 0 0 0 0 0 -43689 0 0 
5.49493 -0.00364267 -1.9024 -0.0048825 -1.78189 4.96721e+18 3.09361e+18 6116.11 284.124 76524 0 0 0 0 0 -43689 0 0 
5.64988 -0.0024906 -1.90125 -0.00488263 -1.78189 4.16825e+18 2.46766e+18 6116.11 284.124 72381.3 0 0 0 0 0 -43688.9 0 0 
5.81978 -0.00129757 -1.90006 -0.00488279 -1.78189 3.45928e+18 1.94652e+18 6116.11 284.124 68299.3 0 0 0 0 0 -43688.9 0 0 
6.00607 -6.44758e-05 -1.89882 -0.00488301 -1.78189 2.84075e+18 1.51994e+18 6116.11 284.124 64354.1 0 0 0 0 0 -43688.8 0 0 
6.21033 0.00120885 -1.89755 -0.00488331 -1.78189 2.31051e+18 1.17654e+18 6116.11 284.124 60607.8 0 0 0 0 0 -43688.8 0 0 
6.4343 0.00252378 -1.89624 -0.00488371 -1.7819 1.86412e+18 9.04582e+17 6116.11 284.124 57105.7 0 0 0 0 0 -43688.7 0 0 
6.67987 0.00388295 -1.89488 -0.00488425 -1.7819 1.49508e+18 6.92576e+17 6116.11 284.124 53874.4 0 0 0 0 0 -43688.7 0 0 
6.94914 0.00529017 -1.89347 -0.004885 -1.78191 1.19545e+18 5.29788e+17 6116.11 284.124 50922.6 0 0 0 0 0 -43688.6 0 0 
7.24439 0.00675033 -1.89201 -0.00488603 -1.78192 9.56335e+17 4.06627e+17 6116.11 284.124 48243.5 0 0 0 0 0 -43688.5 0 0 
7.56812 0.00826911 -1.89049 -0.00488743 -1.78194 7.68539e+17 3.1483e+17 6116.11 284.124 45818 0 0 0 0 0 -43688.5 0 0 
7.92309 0.0098528 -1.88891 -0.00488934 -1.78196 6.23077e+17 2.47516e+17 6116.11 284.124 43619.7 0 0 0 0 0 -43688.4 0 0 
8.3123 0.011508 -1.88725 -0.0048919 -1.78199 5.11619e+17 1.99109e+17 6116.11 284.124 41619.2 0 0 0 0 0 -43688.4 0 0 
8.73906 0.0132417 -1.88552 -0.0048953 -1.78203 4.26781e+17 1.65187e+17 6116.11 284.124 39788.5 0 0 0 0 0 -43688.3 0 0 
9.207 0.0150607 -1.8837 -0.00489972 -1.78208 3.62276e+17 1.42293e+17 6116.11 284.124 38104.3 0 0 0 0 0 -43688.3 0 0 
9.72008 0.0169725 -1.88179 -0.00490538 -1.78214 3.12929e+17 1.27762e+17 6116.11 284.124 36550.4 0 0 0 0 0 -43688.4 0 0 
10.2827 0.0189849 -1.87977 -0.00491249 -1.78222 2.74612e+17 1.19552e+17 6116.11 284.124 35119.4 0 0 0 0 0 -43688.4 0 0 
10.8995 0.0211072 -1.87765 -0.00492132 -1.78231 2.4412e+17 1.1614e+17 6116.11 284.124 33814.2 0 0 0 0 0 -43688.4 0 0 
11.5759 0.0233505 -1.87541 -0.00493213 -1.7824 2.19027e+17 1.16455e+17 6116.11 284.124 32648.7 0 0 0 0 0 -43688.5 0 0 
12.3175 0.0257297 -1.87303 -0.0049453 -1.78251 1.97553e+17 1.19893e+17 6116.11 284.124 31650.3 0 0 0 0 0 -43688.5 0 0 
13.1307 0.0282651 -1.87049 -0.00496129 -1.78262 1.78437e+17 1.2641e+17 6116.11 284.124 30863.8 0 0 0 0 0 -43688.6 0 0 
14.0223 0.0309862 -1.86777 -0.00498069 -1.78273 1.60833e+17 1.36673e+17 6116.11 284.124 30359.4 0 0 0 0 0 -43688.6 0 0 
15 0.0339373 -1.86482 -0.00500435 -1.78284 1.44241e+17 1.5206e+17 6116.11 284.124 30185.2 0 0 0 0 0 -43688.7 0 0 
15 0.0339373 -1.86482 -0.00500435 -1.78284 1.44141e+17 1.5156e+17 6116.11 284.124 30304.9 0 0 0 0 0 -43689.1 0 0 
16 0.0369678 -1.86179 -0.00503134 -1.78295 1.2904e+17 1.70774e+17 6116.11 284.124 30621.4 0 0 0 0 0 -43689.1 0 0 
17 0.0400616 -1.8587 -0.00506153 -1.78304 1.15154e+17 1.92757e+17 6116.11 284.124 31523.5 0 0 0 0 0 -43689.1 0 0 
18 0.0432725 -1.85549 -0.00509545 -1.78312 1.02233e+17 2.18392e+17 6116.11 284.124 32984 0 0 0 0 0 -43689.1 0 0 
19 0.0466584 -1.8521 -0.00513378 -1.78319 9.00997e+16 2.48907e+17 6116.11 284.124 35053.6 0 0 0 0 0 -43689.1 0 0 
20 0.0502832 -1.84848 -0.00517748 -1.78325 7.8633e+16 2.86038e+17 6116.11 284.124 36248.4 0 0 0 0 0 -43689.1 0 0 
20 0.0502832 -1.84848 -0.00517748 -1.78325 7.8633e+16 2.86038e+17 3350.83 145.842 34027 0 0 0 0 0 -43689.1 0 0 
21.0172 0.0537446 -1.84501 -0.00527014 -1.78336 6.88713e+16 3.27094e+17 3350.83 145.842 30859.5 0 0 0 0 0 -43689.1 0 0 
22.0574 0.0566177 -1.84214 -0.005377 -1.78346 6.15985e+16 3.65591e+17 3350.83 145.842 24939 0 0 0 0 0 -43689.1 0 0 
23.1212 0.0589789 -1.83978 -0.00549781 -1.78355 5.61147e+16 4.00641e+17 3350.83 145.842 19953.3 0 0 0 0 0 -43689.1 0 0 
24.209 0.0608997 -1.83786 -0.00563207 -1.78364 5.19358e+16 4.31726e+17 3350.83 145.842 15801.5 0 0 0 0 0 -43689.1 0 0 
25.3213 0.0624462 -1.83631 -0.00577912 -1.78373 4.87217e+16 4.58664e+17 3350.83 145.842 12380.9 0 0 0 0 0 -43689.1 0 0 
26.4588 0.0636776 -1.83508 -0.00593817 -1.78381 4.62286e+16 4.81534e+17 3350.83 145.842 9590.56 0 0 0 0 0 -43689.1 0 0 
27.6221 0.0646463 -1.83411 -0.00610843 -1.78389 4.42796e+16 5.00599e+17 3350.83 145.842 7335.73 0 0 0 0 0 -43689.1 0 0 
28.8116 0.0653982 -1.83336 -0.00628911 -1.78397 4.27439e+16 5.16237e+17 3350.83 145.842 5529.67 0 0 0 0 0 -43689.1 0 0 
30.028 0.0659724 -1.83279 -0.0064795 -1.78406 4.15238e+16 5.28877e+17 3350.83 145.842 4095.1 0 0 0 0 0 -43689.1 0 0 
31.2719 0.0664022 -1.83236 -0.00667898 -1.78414 4.05452e+16 5.38958e+17 3350.83 145.842 2964.58 0 0 0 0 0 -43689.1 0 0 
32.5439 0.0667155 -1.83204 -0.00688701 -1.78422 3.97517e+16 5.46899e+17 3350.83 145.842 2080.36 0 0 0 0 0 -43689.1 0 0 
33.8447 0.0669352 -1.83182 -0.00710318 -1.78431 3.90999e+16 5.53082e+17 3350.83 145.842 1393.7 0 0 0 0 0 -43689.1 0 0 
35.1749 0.0670804 -1.83168 -0.00732714 -1.7844 3.85562e+16 5.57839e+17 3350.83 145.842 864.093 0 0 0 0 0 -43689.1 0 0 
36.5352 0.0671663 -1.83159 -0.00755865 -1.78449 3.80945e+16 5.61457e+17 3350.83 145.842 458.234 0 0 0 0 0 -43689.1 0 0 
37.9262 0.0672054 -1.83155 -0.00779753 -1.78458 3.76948e+16 5.64176e+17 3350.83 145.842 149.078 0 0 0 0 0 -43689.1 0 0 
39.3486 0.0672074 -1.83155 -0.00804371 -1.78468 3.73412e+16 5.6619e+17 3350.83 145.842 -85.1251 0 0 0 0 0 -43689.1 0 0 
40.8032 0.0671803 -1.83158 -0.00829713 -1.78477 3.70218e+16 5.6766e+17 3350.83 145.842 -261.696 0 0 0 0 0 -43689.1 0 0 
42.2907 0.06713 -1.83163 -0.00855781 -1.78487 3.67273e+16 5.68712e+17 3350.83 145.842 -394.306 0 0 0 0 0 -43689.1 0 0 
43.8118 0.0670613 -1.8317 -0.00882582 -1.78498 3.64503e+16 5.69446e+17 3350.83 145.842 -493.647 0 0 0 0 0 -43689.1 0 0 
45.3673 0.0669778 -1.83178 -0.00910125 -1.78509 3.61855e+16 5.69939e+17 3350.83 145.842 -568.016 0 0 0 0 0 -43689.1 0 0 
46.9579 0.0668823 -1.83188 -0.00938424 -1.7852 3.59286e+16 5.70253e+17 3350.83 145.842 -623.792 0 0 0 0 0 -43689.1 0 0 
48.5846 0.0667769 -1.83198 -0.00967493 -1.78531 3.56765e+16 5.70433e+17 3350.83 145.842 -665.843 0 0 0 0 0 -43689.1 0 0 
50.2479 0.0666631 -1.8321 -0.00997351 -1.78543 3.54269e+16 5.70513e+17 3350.83 145.842 -697.851 0 0 0 0 0 -43689.1 0 0 
51.9489 0.066542 -1.83222 -0.0102802 -1.78555 3.51779e+16 5.70521e+17 3350.83 145.842 -722.58 0 0 0 0 0 -43689.1 0 0 
53.6883 0.0664144 -1.83234 -0.0105952 -1.78567 3.49283e+16 5.70476e+17 3350.83 145.842 -742.085 0 0 0 0 0 -43689.1 0 0 
55.4671 0.0662809 -1.83248 -0.0109187 -1.7858 3.46769e+16 5.70391e+17 3350.83 145.842 -757.883 0 0 0 0 0 -43689.1 0 0 
57.2861 0.0661417 -1.83262 -0.011251 -1.78594 3.44232e+16 5.70278e+17 3350.83 145.842 -771.085 0 0 0 0 0 -43689.1 0 0 
59.1461 0.0659972 -1.83276 -0.0115924 -1.78608 3.41665e+16 5.70144e+17 3350.83 145.842 -782.495 0 0 0 0 0 -43689.1 0 0 
61.0483 0.0658473 -1.83291 -0.0119432 -1.78622 3.39065e+16 5.69995e+17 3350.83 145.842 -792.692 0 0 0 0 0 -43689.1 0 0 
62.9934 0.0656921 -1.83307 -0.0123035 -1.78637 3.36429e+16 5.69834e+17 3350.83 145.842 -802.088 0 0 0 0 0 -43689.1 0 0 
64.9825 0.0655317 -1.83323 -0.0126739 -1.78652 3.33754e+16 5.69664e+17 3350.83 145.842 -810.976 0 0 0 0 0 -43689.1 0 0 
67.0165 0.0653658 -1.83339 -0.0130545 -1.78668 3.31038e+16 5.69488e+17 3350.83 145.842 -819.557 0 0 0 0 0 -43689.1 0 0 
69.0966 0.0651945 -1.83356 -0.0134457 -1.78684 3.28281e+16 5.69305e+17 3350.83 145.842 -827.975 0 0 0 0 0 -43689.1 0 0 
71.2236 0.0650175 -1.83374 -0.0138479 -1.78701 3.2548e+16 5.69118e+17 3350.83 145.842 -836.325 0 0 0 0 0 -43689.1 0 0 
73.3988 0.0648346 -1.83392 -0.0142614 -1.78718 3.22635e+16 5.68927e+17 3350.83 145.842 -844.674 0 0 0 0 0 -43689.1 0 0 
75.6231 0.0646458 -1.83411 -0.0146866 -1.78736 3.19745e+16 5.68731e+17 3350.83 145.842 -853.067 0 0 0 0 0 -43689.1 0 0 
77.8976 0.0644508 -1.83431 -0.015124 -1.78755 3.16808e+16 5.68533e+17 3350.83 145.842 -861.534 0 0 0 0 0 -43689.1 0 0 
80.2236 0.0642494 -1.83451 -0.0155739 -1.78774 3.13825e+16 5.6833e+17 3350.83 145.842 -870.093 0 0 0 0 0 -43689.1 0 0 
82.6022 0.0640414 -1.83472 -0.0160368 -1.78794 3.10793e+16 5.68124e+17 3350.83 145.842 -878.758 0 0 0 0 0 -43689.1 0 0 
85.0346 0.0638266 -1.83493 -0.0165131 -1.78814 3.07713e+16 5.67915e+17 3350.83 145.842 -887.537 0 0 0 0 0 -43689.1 0 0 
87.5219 0.0636047 -1.83515 -0.0170034 -1.78835 3.04582e+16 5.67702e+17 3350.83 145.842 -896.435 0 0 0 0 0 -43689.1 0 0 
90.0655 0.0633756 -1.83538 -0.0175082 -1.78857 3.01401e+16 5.67486e+17 3350.83 145.842 -905.456 0 0 0 0 0 -43689.1 0 0 
92.6665 0.0631389 -1.83562 -0.018028 -1.7888 2.98167e+16 5.67266e+17 3350.83 145.842 -914.601 0 0 0 0 0 -43689.1 0 0 
95.3264 0.0628944 -1.83586 -0.0185634 -1.78903 2.9488e+16 5.67043e+17 3350.83 145.842 -923.872 0 0 0 0 0 -43689.1 0 0 
98.0464 0.0626418 -1.83612 -0.0191149 -1.78927 2.91539e+16 5.66816e+17 3350.83 145.842 -933.268 0 0 0 0 0 -43689.1 0 0 
100.828 0.0623809 -1.83638 -0.0196833 -1.78952 2.88142e+16 5.66585e+17 3350.83 145.842 -942.789 0 0 0 0 0 -43689.1 0 0 
103.672 0.0621113 -1.83665 -0.0202691 -1.78978 2.84687e+16 5.6635e+17 3350.83 145.842 -952.436 0 0 0 0 0 -43689.1 0 0 
106.581 0.0618329 -1.83693 -0.0208732 -1.79005 2.81174e+16 5.66111e+17 3350.83 145.842 -962.207 0 0 0 0 0 -43689.1 0 0 
109.555 0.0615452 -1.83721 -0.0214962 -1.79032 2.776e+16 5.65869e+17 3350.83 145.842 -972.101 0 0 0 0 0 -43689.1 0 0 
112.597 0.061248 -1.83751 -0.022139 -1.79061 2.73964e+16 5.65622e+17 3350.83 145.842 -982.118 0 0 0 0 0 -43689.1 0 0 
115.707 0.0609409 -1.83782 -0.0228024 -1.7909 2.70264e+16 5.6537e+17 3350.83 145.842 -992.254 0 0 0 0 0 -43689.1 0 0 
118.888 0.0606237 -1.83814 -0.0234874 -1.79121 2.66498e+16 5.65115e+17 3350.83 145.842 -1002.51 0 0 0 0 0 -43689.1 0 0 
122.14 0.0602959 -1.83846 -0.0241948 -1.79152 2.62664e+16 5.64854e+17 3350.83 145.842 -1012.88 0 0 0 0 0 -43689.1 0 0 
125.467 0.0599573 -1.8388 -0.0249258 -1.79185 2.58758e+16 5.64589e+17 3350.83 145.842 -1023.37 0 0 0 0 0 -43689.1 0 0 
128.868 0.0596074 -1.83915 -0.0256815 -1.79219 2.5478e+16 5.64319e+17 3350.83 145.842 -1033.97 0 0 0 0 0 -43689.1 0 0 
132.346 0.0592459 -1.83951 -0.0264631 -1.79253 2.50725e+16 5.64044e+17 3350.83 145.842 -1044.68 0 0 0 0 0 -43689.1 0 0 
135.903 0.0588723 -1.83989 -0.0272718 -1.79289 2.4659e+16 5.63763e+17 3350.83 145.842 -1055.49 0 0 0 0 0 -43689.1 0 0 
139.54 0.0584864 -1.84027 -0.0281092 -1.79327 2.42373e+16 5.63477e+17 3350.83 145.842 -1066.41 0 0 0 0 0 -43689.1 0 0 
143.26 0.0580877 -1.84067 -0.0289767 -1.79365 2.38069e+16 5.63185e+17 3350.83 145.842 -1077.43 0 0 0 0 0 -43689.1 0 0 
147.063 0.0576758 -1.84108 -0.029876 -1.79405 2.33675e+16 5.62887e+17 3350.83 145.842 -1088.56 0 0 0 0 0 -43689.1 0 0 
150.952 0.0572502 -1.84151 -0.0308088 -1.79446 2.29187e+16 5.62582e+17 3350.83 145.842 -1099.78 0 0 0 0 0 -43689.1 0 0 
154.93 0.0568105 -1.84195 -0.0317773 -1.79488 2.24599e+16 5.62271e+17 3350.83 145.842 -1111.14 0 0 0 0 0 -43689.1 0 0 
158.997 0.0563562 -1.8424 -0.0327836 -1.79532 2.19906e+16 5.61951e+17 3350.83 145.842 -1122.67 0 0 0 0 0 -43689.1 0 0 
163.156 0.0558868 -1.84287 -0.03383 -1.79578 2.15104e+16 5.61622e+17 3350.83 145.842 -1134.52 0 0 0 0 0 -43689.1 0 0 
167.41 0.0554017 -1.84336 -0.0349193 -1.79624 2.10188e+16 5.6128e+17 3350.83 145.842 -1147.02 0 0 0 0 0 -43689.1 0 0 
171.759 0.0549 -1.84386 -0.0360544 -1.79673 2.05153e+16 5.60916e+17 3350.83 145.842 -1161.1 0 0 0 0 0 -43689.1 0 0 
176.207 0.0543801 -1.84438 -0.0372386 -1.79723 2e+16 5.60511e+17 3350.83 145.842 -1179.1 0 0 0 0 0 -43689.1 0 0 
180.755 0.053839 -1.84492 -0.0384754 -1.79775 1.94741e+16 5.60011e+17 3350.83 145.842 -1207.27 0 0 0 0 0 -43689.1 0 0 
185.406 0.0532691 -1.84549 -0.0397688 -1.79828 1.89418e+16 5.59274e+17 3350.83 145.842 -1262.48 0 0 0 0 0 -43689.1 0 0 
190.163 0.0526506 -1.84611 -0.0411222 -1.79883 1.84158e+16 5.57913e+17 3350.83 145.842 -1391.01 0 0 0 0 0 -43689.1 0 0 
195.026 0.051929 -1.84683 -0.0425377 -1.7994 1.79324e+16 5.5486e+17 3350.83 145.842 -1722.12 0 0 0 0 0 -43689.1 0 0 
200 0.0509511 -1.84781 -0.0440115 -1.8 1.75947e+16 5.47132e+17 3350.83 145.842 -1966.07 0 0 0 0 0 -43689.1 0 0 