# ASCII 1D datafile generated by TiberCAD
# x ProbabilityDensity_0 ProbabilityDensity_1 ProbabilityDensity_2 ProbabilityDensity_3 ProbabilityDensity_4 ProbabilityDensity_5 ProbabilityDensity_6 ProbabilityDensity_7 ProbabilityDensity_8 ProbabilityDensity_9 ProbabilityDensity_10 ProbabilityDensity_11 ProbabilityDensity_12 EigenEnergyOnMesh_0 EigenEnergyOnMesh_1 EigenEnergyOnMesh_2 EigenEnergyOnMesh_3 EigenEnergyOnMesh_4 EigenEnergyOnMesh_5 EigenEnergyOnMesh_6 EigenEnergyOnMesh_7 EigenEnergyOnMesh_8 EigenEnergyOnMesh_9 EigenEnergyOnMesh_10 EigenEnergyOnMesh_11 EigenEnergyOnMesh_12 QuantumDensity 
-15 0 0 0 0 0 0 0 0 0 0 0 0 0 -1.7486 -1.7486 -1.76155 -1.76155 -1.76545 -1.76545 -1.80373 -1.80373 -1.81365 -1.81365 -1.85184 -1.85184 -1.87731 0 
-14.0223 7.08891e-13 7.08884e-13 2.55876e-08 2.55876e-08 8.27996e-12 8.27992e-12 5.57325e-10 5.57325e-10 5.78446e-07 5.78446e-07 3.51451e-07 3.51451e-07 6.59683e-06 -1.7486 -1.7486 -1.76155 -1.76155 -1.76545 -1.76545 -1.80373 -1.80373 -1.81365 -1.81365 -1.85184 -1.85184 -1.87731 7.9862e+13 
-13.1307 6.9294e-12 6.92936e-12 1.20268e-07 1.20268e-07 7.14096e-11 7.14098e-11 3.59549e-09 3.5955e-09 2.44252e-06 2.44252e-06 1.54956e-06 1.54956e-06 2.35463e-05 -1.7486 -1.7486 -1.76155 -1.76155 -1.76545 -1.76545 -1.80373 -1.80373 -1.81365 -1.81365 -1.85184 -1.85184 -1.87731 3.56806e+14 
-12.3175 4.70594e-11 4.70596e-11 3.49786e-07 3.49786e-07 4.24356e-10 4.24356e-10 1.5427e-08 1.5427e-08 6.15901e-06 6.15901e-06 4.13874e-06 4.13874e-06 4.67537e-05 -1.7486 -1.7486 -1.76155 -1.76155 -1.76545 -1.76545 -1.80373 -1.80373 -1.81365 -1.81365 -1.85184 -1.85184 -1.87731 9.73433e+14 
-11.5759 2.62494e-10 2.62493e-10 8.45596e-07 8.45596e-07 2.08985e-09 2.08985e-09 5.55664e-08 5.55665e-08 1.27234e-05 1.27234e-05 9.11458e-06 9.11458e-06 7.27848e-05 -1.7486 -1.7486 -1.76155 -1.76155 -1.76545 -1.76545 -1.80373 -1.80373 -1.81365 -1.81365 -1.85184 -1.85184 -1.87731 2.20416e+15 
-10.8995 1.24514e-09 1.24514e-09 1.83406e-06 1.83406e-06 8.85472e-09 8.85472e-09 1.76576e-07 1.76576e-07 2.35442e-05 2.35442e-05 1.80102e-05 1.80102e-05 9.91341e-05 -1.7486 -1.7486 -1.76155 -1.76155 -1.76545 -1.76545 -1.80373 -1.80373 -1.81365 -1.81365 -1.85184 -1.85184 -1.87731 4.50017e+15 
-10.2827 5.11785e-09 5.11785e-09 3.67236e-06 3.67236e-06 3.28694e-08 3.28694e-08 5.0466e-07 5.0466e-07 4.04371e-05 4.04371e-05 3.29987e-05 3.29987e-05 0.000124212 -1.7486 -1.7486 -1.76155 -1.76155 -1.76545 -1.76545 -1.80373 -1.80373 -1.81365 -1.81365 -1.85184 -1.85184 -1.87731 8.54857e+15 
-9.72008 1.84987e-08 1.84987e-08 6.88375e-06 6.88375e-06 1.08369e-07 1.08369e-07 1.3128e-06 1.3128e-06 6.55887e-05 6.55887e-05 5.69674e-05 5.69674e-05 0.000147178 -1.7486 -1.7486 -1.76155 -1.76155 -1.76545 -1.76545 -1.80373 -1.80373 -1.81365 -1.81365 -1.85184 -1.85184 -1.87731 1.53358e+16 
-9.207 5.95511e-08 5.95511e-08 1.21843e-05 1.21843e-05 3.2104e-07 3.2104e-07 3.1377e-06 3.1377e-06 0.00010148 0.00010148 9.35354e-05 9.35354e-05 0.000167725 -1.7486 -1.7486 -1.76155 -1.76155 -1.76545 -1.76545 -1.80373 -1.80373 -1.81365 -1.81365 -1.85184 -1.85184 -1.87731 2.62083e+16 
-8.73906 1.72655e-07 1.72655e-07 2.04938e-05 2.04938e-05 8.63357e-07 8.63357e-07 6.94577e-06 6.94577e-06 0.00015077 0.00015077 0.000146994 0.000146994 0.000185886 -1.7486 -1.7486 -1.76155 -1.76155 -1.76545 -1.76545 -1.80373 -1.80373 -1.81365 -1.81365 -1.85184 -1.85184 -1.87731 4.29263e+16 
-8.3123 4.55309e-07 4.55309e-07 3.2925e-05 3.2925e-05 2.12684e-06 2.12684e-06 1.43418e-05 1.43418e-05 0.000216159 0.000216159 0.000222164 0.000222164 0.00020188 -1.7486 -1.7486 -1.76155 -1.76155 -1.76545 -1.76545 -1.80373 -1.80373 -1.81365 -1.81365 -1.85184 -1.85184 -1.87731 6.77096e+16 
-7.92309 1.1018e-06 1.1018e-06 5.07498e-05 5.07498e-05 4.83849e-06 4.83849e-06 2.77974e-05 2.77974e-05 0.000300237 0.000300237 0.000324176 0.000324176 0.000216006 -1.7486 -1.7486 -1.76155 -1.76155 -1.76545 -1.76545 -1.80373 -1.80373 -1.81365 -1.81365 -1.85184 -1.85184 -1.87731 1.03277e+17 
-7.56812 2.46603e-06 2.46603e-06 7.53455e-05 7.53455e-05 1.02393e-05 1.02393e-05 5.08623e-05 5.08623e-05 0.000405355 0.000405355 0.000458192 0.000458192 0.000228583 -1.7486 -1.7486 -1.76155 -1.76155 -1.76545 -1.76545 -1.80373 -1.80373 -1.81365 -1.81365 -1.85184 -1.85184 -1.87731 1.52881e+17 
-7.24439 5.14142e-06 5.14142e-06 0.000108126 0.000108126 2.02892e-05 2.02892e-05 8.83088e-05 8.83088e-05 0.000533524 0.000533524 0.000629095 0.000629095 0.000239906 -1.7486 -1.7486 -1.76155 -1.76155 -1.76545 -1.76545 -1.80373 -1.80373 -1.81365 -1.81365 -1.85184 -1.85184 -1.87731 2.20338e+17 
-6.94914 1.00494e-05 1.00494e-05 0.000150471 0.000150471 3.78662e-05 3.78662e-05 0.000146166 0.000146166 0.00068635 0.00068635 0.000841178 0.000841178 0.000250233 -1.7486 -1.7486 -1.76155 -1.76155 -1.76545 -1.76545 -1.80373 -1.80373 -1.81365 -1.81365 -1.85184 -1.85184 -1.87731 3.10044e+17 
-6.67987 1.85218e-05 1.85218e-05 0.000203653 0.000203653 6.69199e-05 6.69199e-05 0.000231605 0.000231605 0.000865023 0.000865023 0.00109787 0.00109787 0.000259779 -1.7486 -1.7486 -1.76155 -1.76155 -1.76545 -1.76545 -1.80373 -1.80373 -1.81365 -1.81365 -1.85184 -1.85184 -1.87731 4.26962e+17 
-6.4343 3.23585e-05 3.23585e-05 0.000268786 0.000268786 0.000112533 0.000112533 0.000352672 0.000352672 0.00107033 0.00107033 0.0014015 0.0014015 0.000268715 -1.7486 -1.7486 -1.76155 -1.76155 -1.76545 -1.76545 -1.80373 -1.80373 -1.81365 -1.81365 -1.85184 -1.85184 -1.87731 5.76566e+17 
-6.21033 5.38419e-05 5.38419e-05 0.000346778 0.000346778 0.000180856 0.000180856 0.000517874 0.000517874 0.00130272 0.00130272 0.00175319 0.00175319 0.000277173 -1.7486 -1.7486 -1.76155 -1.76155 -1.76545 -1.76545 -1.80373 -1.80373 -1.81365 -1.81365 -1.85184 -1.85184 -1.87731 7.64727e+17 
-6.00607 8.56944e-05 8.56944e-05 0.000438313 0.000438313 0.0002789 0.0002789 0.000735666 0.000735666 0.00156235 0.00156235 0.00215274 0.00215274 0.000285251 -1.7486 -1.7486 -1.76155 -1.76155 -1.76545 -1.76545 -1.80373 -1.80373 -1.81365 -1.81365 -1.85184 -1.85184 -1.87731 9.97521e+17 
-5.81978 0.000130974 0.000130974 0.000543842 0.000543842 0.000414192 0.000414192 0.00101389 0.00101389 0.00184915 0.00184915 0.00259869 0.00259869 0.000293021 -1.7486 -1.7486 -1.76155 -1.76155 -1.76545 -1.76545 -1.80373 -1.80373 -1.81365 -1.81365 -1.85184 -1.85184 -1.87731 1.28098e+18 
-5.64988 0.000192917 0.000192917 0.000663588 0.000663588 0.00059433 0.00059433 0.00135924 0.00135924 0.0021629 0.0021629 0.00308838 0.00308838 0.000300532 -1.7486 -1.7486 -1.76155 -1.76155 -1.76545 -1.76545 -1.80373 -1.80373 -1.81365 -1.81365 -1.85184 -1.85184 -1.87731 1.62077e+18 
-5.49493 0.000274733 0.000274733 0.000797558 0.000797558 0.000826478 0.000826478 0.00177677 0.00177677 0.00250324 0.00250324 0.0036181 0.0036181 0.000307816 -1.7486 -1.7486 -1.76155 -1.76155 -1.76545 -1.76545 -1.80373 -1.80373 -1.81365 -1.81365 -1.85184 -1.85184 -1.87731 2.0219e+18 
-5.35362 0.000379394 0.000379394 0.000945563 0.000945563 0.00111687 0.00111687 0.00226958 0.00226958 0.00286968 0.00286968 0.00418329 0.00418329 0.000314889 -1.7486 -1.7486 -1.76155 -1.76155 -1.76545 -1.76545 -1.80373 -1.80373 -1.81365 -1.81365 -1.85184 -1.85184 -1.87731 2.48834e+18 
-5.22474 0.00050942 0.00050942 0.00110723 0.00110723 0.00147034 0.00147034 0.0028386 0.0028386 0.00326159 0.00326159 0.00477874 0.00477874 0.000321762 -1.7486 -1.7486 -1.76155 -1.76155 -1.76545 -1.76545 -1.80373 -1.80373 -1.81365 -1.81365 -1.85184 -1.85184 -1.87731 3.02278e+18 
-5.1072 0.0006667 0.0006667 0.00128201 0.00128201 0.00189005 0.00189005 0.0034825 0.0034825 0.00367818 0.00367818 0.00539879 0.00539879 0.000328433 -1.7486 -1.7486 -1.76155 -1.76155 -1.76545 -1.76545 -1.80373 -1.80373 -1.81365 -1.81365 -1.85184 -1.85184 -1.87731 3.62638e+18 
-5 0.000852358 0.000852358 0.00146921 0.00146921 0.00237717 0.00237717 0.00419787 0.00419787 0.00411841 0.00411841 0.00603756 0.00603756 0.000334901 -1.7486 -1.7486 -1.76155 -1.76155 -1.76545 -1.76545 -1.80373 -1.80373 -1.81365 -1.81365 -1.85184 -1.85184 -1.87731 4.29866e+18 
-5 0.000852358 0.000852358 0.00146921 0.00146921 0.00237717 0.00237717 0.00419787 0.00419787 0.00411841 0.00411841 0.00603756 0.00603756 0.000334901 -1.7486 -1.7486 -1.76155 -1.76155 -1.76545 -1.76545 -1.80373 -1.80373 -1.81365 -1.81365 -1.85184 -1.85184 -1.87731 4.29866e+18 
-4.89899 0.00104193 0.00104193 0.00163797 0.00163797 0.00286441 0.00286441 0.00487317 0.00487317 0.00450808 0.00450808 0.00656346 0.00656346 0.000335882 -1.7486 -1.7486 -1.76155 -1.76155 -1.76545 -1.76545 -1.80373 -1.80373 -1.81365 -1.81365 -1.85184 -1.85184 -1.87731 4.93652e+18 
-4.79798 0.0012453 0.0012453 0.00181058 0.00181058 0.003373 0.003373 0.00552139 0.00552139 0.00488592 0.00488592 0.00694925 0.00694925 0.000327311 -1.7486 -1.7486 -1.76155 -1.76155 -1.76545 -1.76545 -1.80373 -1.80373 -1.81365 -1.81365 -1.85184 -1.85184 -1.87731 5.58373e+18 
-4.69697 0.00146073 0.00146073 0.0019862 0.0019862 0.00389538 0.00389538 0.00612372 0.00612372 0.00524787 0.00524787 0.00717714 0.00717714 0.0003097 -1.7486 -1.7486 -1.76155 -1.76155 -1.76545 -1.76545 -1.80373 -1.80373 -1.81365 -1.81365 -1.85184 -1.85184 -1.87731 6.2321e+18 
-4.59596 0.00168642 0.00168642 0.00216408 0.00216408 0.00442392 0.00442392 0.00666292 0.00666292 0.00559032 0.00559032 0.00723693 0.00723693 0.000284076 -1.7486 -1.7486 -1.76155 -1.76155 -1.76545 -1.76545 -1.80373 -1.80373 -1.81365 -1.81365 -1.85184 -1.85184 -1.87731 6.87414e+18 
-4.49495 0.00192053 0.00192053 0.00234354 0.00234354 0.00495106 0.00495106 0.00712374 0.00712374 0.00591006 0.00591006 0.00712641 0.00712641 0.000251915 -1.7486 -1.7486 -1.76155 -1.76155 -1.76545 -1.76545 -1.80373 -1.80373 -1.81365 -1.81365 -1.85184 -1.85184 -1.87731 7.50324e+18 
-4.39394 0.00216122 0.00216122 0.00252393 0.00252393 0.00546938 0.00546938 0.00749339 0.00749339 0.0062043 0.0062043 0.00685141 0.00685141 0.000215056 -1.7486 -1.7486 -1.76155 -1.76155 -1.76545 -1.76545 -1.80373 -1.80373 -1.81365 -1.81365 -1.85184 -1.85184 -1.87731 8.1137e+18 
-4.29293 0.00240669 0.00240669 0.00270468 0.00270468 0.00597178 0.00597178 0.00776184 0.00776184 0.00647063 0.00647063 0.00642545 0.00642545 0.000175592 -1.7486 -1.7486 -1.76155 -1.76155 -1.76545 -1.76545 -1.80373 -1.80373 -1.81365 -1.81365 -1.85184 -1.85184 -1.87731 8.70085e+18 
-4.19192 0.00265513 0.00265513 0.00288521 0.00288521 0.00645155 0.00645155 0.00792212 0.00792212 0.006707 0.006707 0.00586901 0.00586901 0.000135755 -1.7486 -1.7486 -1.76155 -1.76155 -1.76545 -1.76545 -1.80373 -1.80373 -1.81365 -1.81365 -1.85184 -1.85184 -1.87731 9.26103e+18 
-4.09091 0.00290481 0.00290481 0.00306501 0.00306501 0.00690244 0.00690244 0.0079704 0.0079704 0.00691173 0.00691173 0.00520853 0.00520853 9.77851e-05 -1.7486 -1.7486 -1.76155 -1.76155 -1.76545 -1.76545 -1.80373 -1.80373 -1.81365 -1.81365 -1.85184 -1.85184 -1.87731 9.79162e+18 
-3.9899 0.00315409 0.00315409 0.00324359 0.00324359 0.0073188 0.0073188 0.00790614 0.00790614 0.00708349 0.00708349 0.00447509 0.00447509 6.38085e-05 -1.7486 -1.7486 -1.76155 -1.76155 -1.76545 -1.76545 -1.80373 -1.80373 -1.81365 -1.81365 -1.85184 -1.85184 -1.87731 1.0291e+19 
-3.88889 0.00340138 0.00340138 0.00342048 0.00342048 0.00769559 0.00769559 0.00773196 0.00773196 0.00722131 0.00722131 0.00370295 0.00370295 3.57181e-05 -1.7486 -1.7486 -1.76155 -1.76155 -1.76545 -1.76545 -1.80373 -1.80373 -1.81365 -1.81365 -1.85184 -1.85184 -1.87731 1.07583e+19 
-3.78788 0.00364523 0.00364523 0.00359525 0.00359525 0.00802846 0.00802846 0.00745354 0.00745354 0.00732454 0.00732454 0.00292792 0.00292792 1.50715e-05 -1.7486 -1.7486 -1.76155 -1.76155 -1.76545 -1.76545 -1.80373 -1.80373 -1.81365 -1.81365 -1.85184 -1.85184 -1.87731 1.11938e+19 
-3.68687 0.00388426 0.00388426 0.00376748 0.00376748 0.00831379 0.00831379 0.00707943 0.00707943 0.00739287 0.00739287 0.0021857 0.0021857 3.00823e-06 -1.7486 -1.7486 -1.76155 -1.76155 -1.76545 -1.76545 -1.80373 -1.80373 -1.81365 -1.81365 -1.85184 -1.85184 -1.87731 1.15981e+19 
-3.58586 0.00411724 0.00411724 0.0039368 0.0039368 0.00854873 0.00854873 0.00662071 0.00662071 0.0074263 0.0074263 0.00151025 0.00151025 1.91124e-07 -1.7486 -1.7486 -1.76155 -1.76155 -1.76545 -1.76545 -1.80373 -1.80373 -1.81365 -1.81365 -1.85184 -1.85184 -1.87731 1.19727e+19 
-3.48485 0.00434308 0.00434308 0.00410286 0.00410286 0.00873116 0.00873116 0.00609066 0.00609066 0.00742514 0.00742514 0.000932298 0.000932298 6.7747e-06 -1.7486 -1.7486 -1.76155 -1.76155 -1.76545 -1.76545 -1.80373 -1.80373 -1.81365 -1.81365 -1.85184 -1.85184 -1.87731 1.23194e+19 
-3.38384 0.00456078 0.00456078 0.00426532 0.00426532 0.00885976 0.00885976 0.00550436 0.00550436 0.00739 0.00739 0.000477946 0.000477946 2.24019e-05 -1.7486 -1.7486 -1.76155 -1.76155 -1.76545 -1.76545 -1.80373 -1.80373 -1.81365 -1.81365 -1.85184 -1.85184 -1.87731 1.26402e+19 
-3.28283 0.00476953 0.00476953 0.0044239 0.0044239 0.00893394 0.00893394 0.00487818 0.00487818 0.00732175 0.00732175 0.000167598 0.000167598 4.62289e-05 -1.7486 -1.7486 -1.76155 -1.76155 -1.76545 -1.76545 -1.80373 -1.80373 -1.81365 -1.81365 -1.85184 -1.85184 -1.87731 1.29376e+19 
-3.18182 0.00496861 0.00496861 0.00457832 0.00457832 0.00895384 0.00895384 0.0042294 0.0042294 0.00722155 0.00722155 1.51003e-05 1.51003e-05 7.69758e-05 -1.7486 -1.7486 -1.76155 -1.76155 -1.76545 -1.76545 -1.80373 -1.80373 -1.81365 -1.81365 -1.85184 -1.85184 -1.87731 1.32138e+19 
-3.08081 0.00515747 0.00515747 0.00472834 0.00472834 0.00892031 0.00892031 0.00357564 0.00357564 0.00709078 0.00709078 2.72191e-05 2.72191e-05 0.000113 -1.7486 -1.7486 -1.76155 -1.76155 -1.76545 -1.76545 -1.80373 -1.80373 -1.81365 -1.81365 -1.85184 -1.85184 -1.87731 1.34712e+19 
-2.9798 0.00533569 0.00533569 0.00487375 0.00487375 0.00883482 0.00883482 0.00293444 0.00293444 0.00693106 0.00693106 0.000203434 0.000203434 0.000152389 -1.7486 -1.7486 -1.76155 -1.76155 -1.76545 -1.76545 -1.80373 -1.80373 -1.81365 -1.81365 -1.85184 -1.85184 -1.87731 1.37119e+19 
-2.87879 0.00550297 0.00550297 0.00501437 0.00501437 0.00869945 0.00869945 0.00232278 0.00232278 0.0067442 0.0067442 0.00053606 0.00053606 0.000193064 -1.7486 -1.7486 -1.76155 -1.76155 -1.76545 -1.76545 -1.80373 -1.80373 -1.81365 -1.81365 -1.85184 -1.85184 -1.87731 1.39379e+19 
-2.77778 0.00565915 0.00565915 0.00515004 0.00515004 0.00851682 0.00851682 0.00175665 0.00175665 0.0065322 0.0065322 0.00101068 0.00101068 0.000232892 -1.7486 -1.7486 -1.76155 -1.76155 -1.76545 -1.76545 -1.80373 -1.80373 -1.81365 -1.81365 -1.85184 -1.85184 -1.87731 1.4151e+19 
-2.67677 0.00580417 0.00580417 0.00528062 0.00528062 0.00829003 0.00829003 0.00125066 0.00125066 0.00629723 0.00629723 0.00160688 0.00160688 0.000269802 -1.7486 -1.7486 -1.76155 -1.76155 -1.76545 -1.76545 -1.80373 -1.80373 -1.81365 -1.81365 -1.85184 -1.85184 -1.87731 1.43524e+19 
-2.57576 0.0059381 0.0059381 0.00540602 0.00540602 0.00802259 0.00802259 0.000817713 0.000817713 0.00604159 0.00604159 0.00229919 0.00229919 0.000301889 -1.7486 -1.7486 -1.76155 -1.76155 -1.76545 -1.76545 -1.80373 -1.80373 -1.81365 -1.81365 -1.85184 -1.85184 -1.87731 1.45433e+19 
-2.47475 0.00606109 0.00606109 0.00552615 0.00552615 0.00771833 0.00771833 0.000468701 0.000468701 0.00576768 0.00576768 0.00305825 0.00305825 0.000327512 -1.7486 -1.7486 -1.76155 -1.76155 -1.76545 -1.76545 -1.80373 -1.80373 -1.81365 -1.81365 -1.85184 -1.85184 -1.87731 1.47244e+19 
-2.37374 0.00617341 0.00617341 0.00564096 0.00564096 0.00738138 0.00738138 0.0002123 0.0002123 0.00547802 0.00547802 0.00385214 0.00385214 0.00034538 -1.7486 -1.7486 -1.76155 -1.76155 -1.76545 -1.76545 -1.80373 -1.80373 -1.81365 -1.81365 -1.85184 -1.85184 -1.87731 1.48962e+19 
-2.27273 0.00627538 0.00627538 0.00575043 0.00575043 0.00701607 0.00701607 5.48049e-05 5.48049e-05 0.00517517 0.00517517 0.00464774 0.00464774 0.00035461 -1.7486 -1.7486 -1.76155 -1.76155 -1.76545 -1.76545 -1.80373 -1.80373 -1.81365 -1.81365 -1.85184 -1.85184 -1.87731 1.50589e+19 
-2.17172 0.00636742 0.00636742 0.00585452 0.00585452 0.00662687 0.00662687 3.64851e-08 3.64852e-08 0.00486174 0.00486174 0.00541215 0.00541215 0.000354769 -1.7486 -1.7486 -1.76155 -1.76155 -1.76545 -1.76545 -1.80373 -1.80373 -1.81365 -1.81365 -1.85184 -1.85184 -1.87731 1.52126e+19 
-2.07071 0.00644999 0.00644999 0.00595327 0.00595327 0.00621835 0.00621835 4.93116e-05 4.93116e-05 0.00454039 0.00454039 0.00611403 0.00611403 0.00034589 -1.7486 -1.7486 -1.76155 -1.76155 -1.76545 -1.76545 -1.80373 -1.80373 -1.81365 -1.81365 -1.85184 -1.85184 -1.87731 1.5357e+19 
-1.9697 0.00652359 0.00652359 0.00604668 0.00604668 0.00579508 0.00579508 0.000201475 0.000201475 0.00421374 0.00421374 0.00672491 0.00672491 0.000328469 -1.7486 -1.7486 -1.76155 -1.76155 -1.76545 -1.76545 -1.80373 -1.80373 -1.81365 -1.81365 -1.85184 -1.85184 -1.87731 1.5492e+19 
-1.86869 0.00658879 0.00658879 0.00613479 0.00613479 0.00536162 0.00536162 0.000452987 0.000452987 0.00388444 0.00388444 0.00722032 0.00722032 0.000303427 -1.7486 -1.7486 -1.76155 -1.76155 -1.76545 -1.76545 -1.80373 -1.80373 -1.81365 -1.81365 -1.85184 -1.85184 -1.87731 1.56172e+19 
-1.76768 0.00664617 0.00664617 0.00621767 0.00621767 0.00492246 0.00492246 0.000798063 0.000798063 0.00355506 0.00355506 0.00758069 0.00758069 0.000272065 -1.7486 -1.7486 -1.76155 -1.76155 -1.76545 -1.76545 -1.80373 -1.80373 -1.81365 -1.81365 -1.85184 -1.85184 -1.87731 1.57324e+19 
-1.66667 0.00669631 0.00669631 0.00629537 0.00629537 0.00448195 0.00448195 0.00122886 0.00122886 0.00322815 0.00322815 0.0077921 0.0077921 0.000235992 -1.7486 -1.7486 -1.76155 -1.76155 -1.76545 -1.76545 -1.80373 -1.80373 -1.81365 -1.81365 -1.85184 -1.85184 -1.87731 1.58373e+19 
-1.56566 0.00673982 0.00673982 0.00636796 0.00636796 0.00404434 0.00404434 0.0017357 0.0017357 0.00290618 0.00290618 0.00784679 0.00784679 0.000197041 -1.7486 -1.7486 -1.76155 -1.76155 -1.76545 -1.76545 -1.80373 -1.80373 -1.81365 -1.81365 -1.85184 -1.85184 -1.87731 1.59317e+19 
-1.46465 0.00677732 0.00677732 0.00643553 0.00643553 0.00361363 0.00361363 0.00230732 0.00230732 0.00259153 0.00259153 0.00774331 0.00774331 0.000157176 -1.7486 -1.7486 -1.76155 -1.76155 -1.76545 -1.76545 -1.80373 -1.80373 -1.81365 -1.81365 -1.85184 -1.85184 -1.87731 1.60157e+19 
-1.36364 0.00680939 0.00680939 0.00649815 0.00649815 0.00319369 0.00319369 0.00293117 0.00293117 0.0022865 0.0022865 0.0074866 0.0074866 0.000118396 -1.7486 -1.7486 -1.76155 -1.76155 -1.76545 -1.76545 -1.80373 -1.80373 -1.81365 -1.81365 -1.85184 -1.85184 -1.87731 1.60894e+19 
-1.26263 0.00683663 0.00683663 0.00655591 0.00655591 0.0027881 0.0027881 0.00359369 0.00359369 0.00199326 0.00199326 0.00708763 0.00708763 8.26317e-05 -1.7486 -1.7486 -1.76155 -1.76155 -1.76545 -1.76545 -1.80373 -1.80373 -1.81365 -1.81365 -1.85184 -1.85184 -1.87731 1.61531e+19 
-1.16162 0.00685959 0.00685959 0.0066089 0.0066089 0.00240023 0.00240023 0.00428062 0.00428062 0.00171389 0.00171389 0.00656293 0.00656293 5.16558e-05 -1.7486 -1.7486 -1.76155 -1.76155 -1.76545 -1.76545 -1.80373 -1.80373 -1.81365 -1.81365 -1.85184 -1.85184 -1.87731 1.62073e+19 
-1.06061 0.0068788 0.0068788 0.00665721 0.00665721 0.00203322 0.00203322 0.00497733 0.00497733 0.00145031 0.00145031 0.00593387 0.00593387 2.69959e-05 -1.7486 -1.7486 -1.76155 -1.76155 -1.76545 -1.76545 -1.80373 -1.80373 -1.81365 -1.81365 -1.85184 -1.85184 -1.87731 1.62525e+19 
-0.959596 0.00689478 0.00689478 0.00670091 0.00670091 0.0016899 0.0016899 0.0056691 0.0056691 0.00120434 0.00120434 0.00522579 0.00522579 9.86334e-06 -1.7486 -1.7486 -1.76155 -1.76155 -1.76545 -1.76545 -1.80373 -1.80373 -1.81365 -1.81365 -1.85184 -1.85184 -1.87731 1.62895e+19 
-0.858586 0.00690798 0.00690798 0.0067401 0.0067401 0.00137289 0.00137289 0.00634144 0.00634144 0.000977642 0.000977642 0.00446697 0.00446697 1.09624e-06 -1.7486 -1.7486 -1.76155 -1.76155 -1.76545 -1.76545 -1.80373 -1.80373 -1.81365 -1.81365 -1.85184 -1.85184 -1.87731 1.63192e+19 
-0.757576 0.00691885 0.00691885 0.00677485 0.00677485 0.00108451 0.00108451 0.0069804 0.0069804 0.000771717 0.000771717 0.00368749 0.00368749 1.12222e-06 -1.7486 -1.7486 -1.76155 -1.76155 -1.76545 -1.76545 -1.80373 -1.80373 -1.81365 -1.81365 -1.85184 -1.85184 -1.87731 1.63425e+19 
-0.656566 0.00692776 0.00692776 0.00680523 0.00680523 0.000826827 0.000826827 0.00757278 0.00757278 0.00058793 0.00058793 0.00291809 0.00291809 9.94035e-06 -1.7486 -1.7486 -1.76155 -1.76155 -1.76545 -1.76545 -1.80373 -1.80373 -1.81365 -1.81365 -1.85184 -1.85184 -1.87731 1.63603e+19 
-0.555556 0.00693507 0.00693507 0.0068313 0.0068313 0.000601654 0.000601654 0.00810644 0.00810644 0.000427481 0.000427481 0.00218897 0.00218897 2.71236e-05 -1.7486 -1.7486 -1.76155 -1.76155 -1.76545 -1.76545 -1.80373 -1.80373 -1.81365 -1.81365 -1.85184 -1.85184 -1.87731 1.63737e+19 
-0.454545 0.00694106 0.00694106 0.00685311 0.00685311 0.000410536 0.000410536 0.0085705 0.0085705 0.000291412 0.000291412 0.00152861 0.00152861 5.18416e-05 -1.7486 -1.7486 -1.76155 -1.76155 -1.76545 -1.76545 -1.80373 -1.80373 -1.81365 -1.81365 -1.85184 -1.85184 -1.87731 1.63835e+19 
-0.353535 0.006946 0.006946 0.00687073 0.00687073 0.000254761 0.00025476 0.00895555 0.00895555 0.000180599 0.000180599 0.000962742 0.000962742 8.29019e-05 -1.7486 -1.7486 -1.76155 -1.76155 -1.76545 -1.76545 -1.80373 -1.80373 -1.81365 -1.81365 -1.85184 -1.85184 -1.87731 1.63906e+19 
-0.252525 0.00695008 0.00695008 0.00688418 0.00688418 0.000135364 0.000135364 0.0092538 0.0092538 9.57498e-05 9.57498e-05 0.000513357 0.000513357 0.000118808 -1.7486 -1.7486 -1.76155 -1.76155 -1.76545 -1.76545 -1.80373 -1.80373 -1.81365 -1.81365 -1.85184 -1.85184 -1.87731 1.63958e+19 
-0.151515 0.00695346 0.00695346 0.0068935 0.0068935 5.313e-05 5.313e-05 0.00945925 0.00945925 3.74069e-05 3.74069e-05 0.000197876 0.000197876 0.000157832 -1.7486 -1.7486 -1.76155 -1.76155 -1.76545 -1.76545 -1.80373 -1.80373 -1.81365 -1.81365 -1.85184 -1.85184 -1.87731 1.63996e+19 
-0.0505051 0.00695624 0.00695624 0.0068987 0.0068987 8.59466e-06 8.59466e-06 0.00956775 0.00956775 5.94057e-06 5.94057e-06 2.85148e-05 2.85148e-05 0.000198097 -1.7486 -1.7486 -1.76155 -1.76155 -1.76545 -1.76545 -1.80373 -1.80373 -1.81365 -1.81365 -1.85184 -1.85184 -1.87731 1.64024e+19 
0.0505051 0.00695847 0.00695847 0.0068998 0.0068998 2.04617e-06 2.04617e-06 0.00957714 0.00957714 1.55091e-06 1.55091e-06 1.18249e-05 1.18249e-05 0.000237667 -1.7486 -1.7486 -1.76155 -1.76155 -1.76545 -1.76545 -1.80373 -1.80373 -1.81365 -1.81365 -1.85184 -1.85184 -1.87731 1.64045e+19 
0.151515 0.00696017 0.00696017 0.0068968 0.0068968 3.35269e-05 3.35269e-05 0.00948722 0.00948722 2.42664e-05 2.42664e-05 0.000148452 0.000148452 0.000274637 -1.7486 -1.7486 -1.76155 -1.76155 -1.76545 -1.76545 -1.80373 -1.80373 -1.81365 -1.81365 -1.85184 -1.85184 -1.87731 1.64059e+19 
0.252525 0.00696128 0.00696128 0.00688968 0.00688968 0.000102833 0.000102833 0.0092998 0.0092998 7.39441e-05 7.39441e-05 0.00043311 0.00043311 0.000307226 -1.7486 -1.7486 -1.76155 -1.76155 -1.76545 -1.76545 -1.80373 -1.80373 -1.81365 -1.81365 -1.85184 -1.85184 -1.87731 1.64064e+19 
0.353535 0.0069617 0.0069617 0.00687843 0.00687843 0.000209514 0.000209514 0.00901864 0.00901864 0.00015027 0.00015027 0.000854781 0.000854781 0.000333862 -1.7486 -1.7486 -1.76155 -1.76155 -1.76545 -1.76545 -1.80373 -1.80373 -1.81365 -1.81365 -1.85184 -1.85184 -1.87731 1.64056e+19 
0.454545 0.00696129 0.00696129 0.00686301 0.00686301 0.000352869 0.000352869 0.0086494 0.0086494 0.000252759 0.000252759 0.00139712 0.00139712 0.000353254 -1.7486 -1.7486 -1.76155 -1.76155 -1.76545 -1.76545 -1.80373 -1.80373 -1.81365 -1.81365 -1.85184 -1.85184 -1.87731 1.64031e+19 
0.555556 0.00695985 0.00695985 0.0068434 0.0068434 0.00053195 0.00053195 0.00819954 0.00819954 0.000380757 0.000380757 0.00203906 0.00203906 0.000364457 -1.7486 -1.7486 -1.76155 -1.76155 -1.76545 -1.76545 -1.80373 -1.80373 -1.81365 -1.81365 -1.85184 -1.85184 -1.87731 1.6398e+19 
0.656566 0.00695714 0.00695714 0.00681953 0.00681953 0.00074555 0.00074555 0.00767818 0.00767818 0.000533443 0.000533443 0.0027556 0.0027556 0.000366918 -1.7486 -1.7486 -1.76155 -1.76155 -1.76545 -1.76545 -1.80373 -1.80373 -1.81365 -1.81365 -1.85184 -1.85184 -1.87731 1.63897e+19 
0.757576 0.00695285 0.00695285 0.00679135 0.00679135 0.000992208 0.000992208 0.00709593 0.00709593 0.00070983 0.00070983 0.00351876 0.00351876 0.000360503 -1.7486 -1.7486 -1.76155 -1.76155 -1.76545 -1.76545 -1.80373 -1.80373 -1.81365 -1.81365 -1.85184 -1.85184 -1.87731 1.63771e+19 
0.858586 0.00694665 0.00694665 0.0067588 0.0067588 0.0012702 0.0012702 0.00646473 0.00646473 0.000908768 0.000908768 0.00429862 0.00429862 0.000345504 -1.7486 -1.7486 -1.76155 -1.76155 -1.76545 -1.76545 -1.80373 -1.80373 -1.81365 -1.81365 -1.85184 -1.85184 -1.87731 1.63594e+19 
0.959596 0.00693815 0.00693815 0.00672181 0.00672181 0.00157755 0.00157755 0.00579757 0.00579757 0.00112895 0.00112895 0.00506444 0.00506444 0.000322631 -1.7486 -1.7486 -1.76155 -1.76155 -1.76545 -1.76545 -1.80373 -1.80373 -1.81365 -1.81365 -1.85184 -1.85184 -1.87731 1.63355e+19 
1.06061 0.00692692 0.00692692 0.00668029 0.00668029 0.00191199 0.00191199 0.00510829 0.00510829 0.00136891 0.00136891 0.00578588 0.00578588 0.000292976 -1.7486 -1.7486 -1.76155 -1.76155 -1.76545 -1.76545 -1.80373 -1.80373 -1.81365 -1.81365 -1.85184 -1.85184 -1.87731 1.63045e+19 
1.16162 0.00691249 0.00691249 0.00663417 0.00663417 0.00227101 0.00227101 0.00441132 0.00441132 0.00162703 0.00162703 0.00643419 0.00643419 0.000257967 -1.7486 -1.7486 -1.76155 -1.76155 -1.76545 -1.76545 -1.80373 -1.80373 -1.81365 -1.81365 -1.85184 -1.85184 -1.87731 1.62655e+19 
1.26263 0.00689434 0.00689434 0.00658335 0.00658335 0.00265184 0.00265184 0.00372135 0.00372135 0.00190155 0.00190155 0.00698328 0.00698328 0.000219296 -1.7486 -1.7486 -1.76155 -1.76155 -1.76545 -1.76545 -1.80373 -1.80373 -1.81365 -1.81365 -1.85184 -1.85184 -1.87731 1.62177e+19 
1.36364 0.00687194 0.00687194 0.00652776 0.00652776 0.00305142 0.00305142 0.00305306 0.00305306 0.00219058 0.00219058 0.00741084 0.00741084 0.000178845 -1.7486 -1.7486 -1.76155 -1.76155 -1.76545 -1.76545 -1.80373 -1.80373 -1.81365 -1.81365 -1.85184 -1.85184 -1.87731 1.61606e+19 
1.46465 0.00684471 0.00684471 0.00646729 0.00646729 0.00346645 0.00346645 0.0024208 0.0024208 0.00249209 0.00249209 0.00769921 0.00769921 0.000138588 -1.7486 -1.7486 -1.76155 -1.76155 -1.76545 -1.76545 -1.80373 -1.80373 -1.81365 -1.81365 -1.85184 -1.85184 -1.87731 1.60935e+19 
1.56566 0.00681205 0.00681205 0.00640185 0.00640185 0.00389339 0.00389339 0.0018383 0.0018383 0.00280393 0.00280393 0.00783616 0.00783616 0.000100503 -1.7486 -1.7486 -1.76155 -1.76155 -1.76545 -1.76545 -1.80373 -1.80373 -1.81365 -1.81365 -1.85184 -1.85184 -1.87731 1.60161e+19 
1.66667 0.00677336 0.00677336 0.00633137 0.00633137 0.00432846 0.00432846 0.00131833 0.00131833 0.00312383 0.00312383 0.00781544 0.00781544 6.64685e-05 -1.7486 -1.7486 -1.76155 -1.76155 -1.76545 -1.76545 -1.80373 -1.80373 -1.81365 -1.81365 -1.85184 -1.85184 -1.87731 1.59283e+19 
1.76768 0.006728 0.006728 0.00625575 0.00625575 0.00476767 0.00476767 0.00087243 0.00087243 0.00344943 0.00344943 0.0076371 0.0076371 3.81729e-05 -1.7486 -1.7486 -1.76155 -1.76155 -1.76545 -1.76545 -1.80373 -1.80373 -1.81365 -1.81365 -1.85184 -1.85184 -1.87731 1.58299e+19 
1.86869 0.00667536 0.00667536 0.00617492 0.00617492 0.00520683 0.00520683 0.000510596 0.000510596 0.00377829 0.00377829 0.00730754 0.00730754 1.70264e-05 -1.7486 -1.7486 -1.76155 -1.76155 -1.76545 -1.76545 -1.80373 -1.80373 -1.81365 -1.81365 -1.85184 -1.85184 -1.87731 1.57212e+19 
1.9697 0.00661479 0.00661479 0.0060888 0.0060888 0.0056416 0.0056416 0.000241043 0.000241043 0.00410787 0.00410787 0.00683942 0.00683942 4.0888e-06 -1.7486 -1.7486 -1.76155 -1.76155 -1.76545 -1.76545 -1.80373 -1.80373 -1.81365 -1.81365 -1.85184 -1.85184 -1.87731 1.56021e+19 
2.07071 0.00654571 0.00654571 0.00599735 0.00599735 0.0060675 0.0060675 6.99634e-05 6.99634e-05 0.0044356 0.0044356 0.00625115 0.00625115 1.1621e-08 -1.7486 -1.7486 -1.76155 -1.76155 -1.76545 -1.76545 -1.80373 -1.80373 -1.81365 -1.81365 -1.85184 -1.85184 -1.87731 1.54731e+19 
2.17172 0.00646752 0.00646752 0.00590051 0.00590051 0.00647997 0.00647997 1.33198e-06 1.33198e-06 0.00475885 0.00475885 0.00556624 0.00556624 5.00097e-06 -1.7486 -1.7486 -1.76155 -1.76155 -1.76545 -1.76545 -1.80373 -1.80373 -1.81365 -1.81365 -1.85184 -1.85184 -1.87731 1.53343e+19 
2.27273 0.00637967 0.00637967 0.00579824 0.00579824 0.0068744 0.0068744 3.67596e-05 3.67596e-05 0.00507497 0.00507497 0.00481242 0.00481242 1.88017e-05 -1.7486 -1.7486 -1.76155 -1.76155 -1.76545 -1.76545 -1.80373 -1.80373 -1.81365 -1.81365 -1.85184 -1.85184 -1.87731 1.5186e+19 
2.37374 0.00628167 0.00628167 0.00569054 0.00569054 0.00724621 0.00724621 0.000175392 0.000175392 0.00538131 0.00538131 0.00402055 0.00402055 4.07052e-05 -1.7486 -1.7486 -1.76155 -1.76155 -1.76545 -1.76545 -1.80373 -1.80373 -1.81365 -1.81365 -1.85184 -1.85184 -1.87731 1.50282e+19 
2.47475 0.00617306 0.00617306 0.0055774 0.0055774 0.00759084 0.00759084 0.000413868 0.000413868 0.00567522 0.00567522 0.00322334 0.00322334 6.95801e-05 -1.7486 -1.7486 -1.76155 -1.76155 -1.76545 -1.76545 -1.80373 -1.80373 -1.81365 -1.81365 -1.85184 -1.85184 -1.87731 1.48611e+19 
2.57576 0.00605346 0.00605346 0.00545885 0.00545885 0.00790391 0.00790391 0.000746334 0.000746334 0.00595411 0.00595411 0.00245402 0.00245402 0.000103926 -1.7486 -1.7486 -1.76155 -1.76155 -1.76545 -1.76545 -1.80373 -1.80373 -1.81365 -1.81365 -1.85184 -1.85184 -1.87731 1.46843e+19 
2.67677 0.00592259 0.00592259 0.00533494 0.00533494 0.00818118 0.00818118 0.00116453 0.00116453 0.00621544 0.00621544 0.00174493 0.00174493 0.000141948 -1.7486 -1.7486 -1.76155 -1.76155 -1.76545 -1.76545 -1.80373 -1.80373 -1.81365 -1.81365 -1.85184 -1.85184 -1.87731 1.44975e+19 
2.77778 0.00578023 0.00578023 0.00520572 0.00520572 0.0084187 0.0084187 0.00165792 0.00165792 0.00645676 0.00645676 0.00112611 0.00112611 0.000181645 -1.7486 -1.7486 -1.76155 -1.76155 -1.76545 -1.76545 -1.80373 -1.80373 -1.81365 -1.81365 -1.85184 -1.85184 -1.87731 1.42997e+19 
2.87879 0.00562627 0.00562627 0.00507129 0.00507129 0.00861282 0.00861282 0.00221394 0.00221394 0.00667569 0.00667569 0.000623996 0.000623996 0.000220912 -1.7486 -1.7486 -1.76155 -1.76155 -1.76545 -1.76545 -1.80373 -1.80373 -1.81365 -1.81365 -1.85184 -1.85184 -1.87731 1.409e+19 
2.9798 0.00546073 0.00546073 0.00493177 0.00493177 0.0087603 0.0087603 0.00281821 0.00281821 0.00687003 0.00687003 0.000260197 0.000260197 0.000257656 -1.7486 -1.7486 -1.76155 -1.76155 -1.76545 -1.76545 -1.80373 -1.80373 -1.81365 -1.81365 -1.85184 -1.85184 -1.87731 1.38671e+19 
3.08081 0.00528372 0.00528372 0.0047873 0.0047873 0.00885835 0.00885835 0.00345492 0.00345492 0.00703771 0.00703771 5.04795e-05 5.04795e-05 0.000289898 -1.7486 -1.7486 -1.76155 -1.76155 -1.76545 -1.76545 -1.80373 -1.80373 -1.81365 -1.81365 -1.85184 -1.85184 -1.87731 1.36291e+19 
3.18182 0.0050955 0.0050955 0.00463806 0.00463806 0.00890472 0.00890472 0.00410719 0.00410719 0.00717681 0.00717681 3.99579e-06 3.99579e-06 0.000315889 -1.7486 -1.7486 -1.76155 -1.76155 -1.76545 -1.76545 -1.80373 -1.80373 -1.81365 -1.81365 -1.85184 -1.85184 -1.87731 1.33743e+19 
3.28283 0.00489647 0.00489647 0.00448425 0.00448425 0.00889772 0.00889772 0.00475748 0.00475748 0.00728566 0.00728566 0.000122779 0.000122779 0.000334201 -1.7486 -1.7486 -1.76155 -1.76155 -1.76545 -1.76545 -1.80373 -1.80373 -1.81365 -1.81365 -1.85184 -1.85184 -1.87731 1.31003e+19 
3.38384 0.00468714 0.00468714 0.0043261 0.0043261 0.00883633 0.00883633 0.00538807 0.00538807 0.00736276 0.00736276 0.00040155 0.00040155 0.000343809 -1.7486 -1.7486 -1.76155 -1.76155 -1.76545 -1.76545 -1.80373 -1.80373 -1.81365 -1.81365 -1.85184 -1.85184 -1.87731 1.28049e+19 
3.48485 0.00446819 0.00446819 0.00416386 0.00416386 0.00872019 0.00872019 0.00598152 0.00598152 0.00740688 0.00740688 0.000827852 0.000827852 0.000344153 -1.7486 -1.7486 -1.76155 -1.76155 -1.76545 -1.76545 -1.80373 -1.80373 -1.81365 -1.81365 -1.85184 -1.85184 -1.87731 1.24856e+19 
3.58586 0.00424044 0.00424044 0.00399783 0.00399783 0.00854969 0.00854969 0.00652118 0.00652118 0.00741702 0.00741702 0.00138251 0.00138251 0.000335174 -1.7486 -1.7486 -1.76155 -1.76155 -1.76545 -1.76545 -1.80373 -1.80373 -1.81365 -1.81365 -1.85184 -1.85184 -1.87731 1.21402e+19 
3.68687 0.00400486 0.00400486 0.00382831 0.00382831 0.00832597 0.00832597 0.00699164 0.00699164 0.00739249 0.00739249 0.00204041 0.00204041 0.000317318 -1.7486 -1.7486 -1.76155 -1.76155 -1.76545 -1.76545 -1.80373 -1.80373 -1.81365 -1.81365 -1.85184 -1.85184 -1.87731 1.17665e+19 
3.78788 0.00376254 0.00376254 0.00365566 0.00365566 0.00805095 0.00805095 0.00737921 0.00737921 0.00733287 0.00733287 0.00277156 0.00277156 0.000291525 -1.7486 -1.7486 -1.76155 -1.76155 -1.76545 -1.76545 -1.80373 -1.80373 -1.81365 -1.81365 -1.85184 -1.85184 -1.87731 1.13625e+19 
3.88889 0.00351473 0.00351473 0.00348024 0.00348024 0.00772733 0.00772733 0.00767234 0.00767234 0.00723803 0.00723803 0.0035424 0.0035424 0.000259177 -1.7486 -1.7486 -1.76155 -1.76155 -1.76545 -1.76545 -1.80373 -1.80373 -1.81365 -1.81365 -1.85184 -1.85184 -1.87731 1.09269e+19 
3.9899 0.00326282 0.00326282 0.00330247 0.00330247 0.00735857 0.00735857 0.00786199 0.00786199 0.0071082 0.0071082 0.00431731 0.00431731 0.000222025 -1.7486 -1.7486 -1.76155 -1.76155 -1.76545 -1.76545 -1.80373 -1.80373 -1.81365 -1.81365 -1.85184 -1.85184 -1.87731 1.04586e+19 
4.09091 0.00300829 0.00300829 0.00312277 0.00312277 0.0069489 0.0069489 0.00794193 0.00794193 0.00694391 0.00694391 0.0050602 0.0050602 0.000182101 -1.7486 -1.7486 -1.76155 -1.76155 -1.76545 -1.76545 -1.80373 -1.80373 -1.81365 -1.81365 -1.85184 -1.85184 -1.87731 9.95768e+18 
4.19192 0.00275278 0.00275278 0.0029416 0.0029416 0.00650326 0.00650326 0.00790902 0.00790902 0.00674604 0.00674604 0.00573624 0.00573624 0.000141604 -1.7486 -1.7486 -1.76155 -1.76155 -1.76545 -1.76545 -1.80373 -1.80373 -1.81365 -1.81365 -1.85184 -1.85184 -1.87731 9.42463e+18 
4.29293 0.00249799 0.00249799 0.00275945 0.00275945 0.00602725 0.00602725 0.00776331 0.00776331 0.00651582 0.00651582 0.00631344 0.00631344 0.000102778 -1.7486 -1.7486 -1.76155 -1.76155 -1.76545 -1.76545 -1.80373 -1.80373 -1.81365 -1.81365 -1.85184 -1.85184 -1.87731 8.86103e+18 
4.39394 0.00224572 0.00224572 0.00257686 0.00257686 0.0055271 0.0055271 0.00750815 0.00750815 0.00625485 0.00625485 0.00676423 0.00676423 6.77864e-05 -1.7486 -1.7486 -1.76155 -1.76155 -1.76545 -1.76545 -1.80373 -1.80373 -1.81365 -1.81365 -1.85184 -1.85184 -1.87731 8.26945e+18 
4.49495 0.00199785 0.00199785 0.00239438 0.00239438 0.00500953 0.00500953 0.00715012 0.00715012 0.00596511 0.00596511 0.0070668 0.0070668 3.85898e-05 -1.7486 -1.7486 -1.76155 -1.76155 -1.76545 -1.76545 -1.80373 -1.80373 -1.81365 -1.81365 -1.85184 -1.85184 -1.87731 7.65348e+18 
4.59596 0.00175628 0.00175628 0.00221261 0.00221261 0.00448172 0.00448172 0.0066989 0.0066989 0.00564893 0.00564893 0.00720619 0.00720619 1.6832e-05 -1.7486 -1.7486 -1.76155 -1.76155 -1.76545 -1.76545 -1.80373 -1.80373 -1.81365 -1.81365 -1.85184 -1.85184 -1.87731 7.01777e+18 
4.69697 0.00152295 0.00152295 0.00203221 0.00203221 0.00395115 0.00395115 0.00616706 0.00616706 0.00530909 0.00530909 0.0071751 0.0071751 3.74358e-06 -1.7486 -1.7486 -1.76155 -1.76155 -1.76545 -1.76545 -1.80373 -1.80373 -1.81365 -1.81365 -1.85184 -1.85184 -1.87731 6.36801e+18 
4.79798 0.00129981 0.00129981 0.00185388 0.00185388 0.00342555 0.00342555 0.0055697 0.0055697 0.00494873 0.00494873 0.0069743 0.0069743 6.79493e-08 -1.7486 -1.7486 -1.76155 -1.76155 -1.76545 -1.76545 -1.80373 -1.80373 -1.81365 -1.81365 -1.85184 -1.85184 -1.87731 5.71088e+18 
4.89899 0.00108879 0.00108879 0.00167839 0.00167839 0.00291271 0.00291271 0.00492406 0.00492406 0.00457148 0.00457148 0.00661268 0.00661268 6.01434e-06 -1.7486 -1.7486 -1.76155 -1.76155 -1.76545 -1.76545 -1.80373 -1.80373 -1.81365 -1.81365 -1.85184 -1.85184 -1.87731 5.05395e+18 
5 0.000891747 0.000891747 0.00150659 0.00150659 0.00242038 0.00242038 0.00424899 0.00424899 0.00418141 0.00418141 0.00610693 0.00610693 2.12414e-05 -1.7486 -1.7486 -1.76155 -1.76155 -1.76545 -1.76545 -1.80373 -1.80373 -1.81365 -1.81365 -1.85184 -1.85184 -1.87731 4.40555e+18 
5 0.000891747 0.000891747 0.00150659 0.00150659 0.00242038 0.00242038 0.00424899 0.00424899 0.00418141 0.00418141 0.00610693 0.00610693 2.12414e-05 -1.7486 -1.7486 -1.76155 -1.76155 -1.76545 -1.76545 -1.80373 -1.80373 -1.81365 -1.81365 -1.85184 -1.85184 -1.87731 4.40555e+18 
5.1072 0.000698509 0.000698509 0.0013159 0.0013159 0.00192742 0.00192742 0.00353225 0.00353225 0.00374025 0.00374025 0.0054869 0.0054869 4.98236e-05 -1.7486 -1.7486 -1.76155 -1.76155 -1.76545 -1.76545 -1.80373 -1.80373 -1.81365 -1.81365 -1.85184 -1.85184 -1.87731 3.72156e+18 
5.22474 0.000534623 0.000534623 0.00113778 0.00113778 0.00150218 0.00150218 0.00288615 0.00288615 0.00332264 0.00332264 0.00488367 0.00488367 9.50112e-05 -1.7486 -1.7486 -1.76155 -1.76155 -1.76545 -1.76545 -1.80373 -1.80373 -1.81365 -1.81365 -1.85184 -1.85184 -1.87731 3.10716e+18 
5.35362 0.000398952 0.000398952 0.000972938 0.000972938 0.00114352 0.00114352 0.0023142 0.0023142 0.00292956 0.00292956 0.00430278 0.00430278 0.000161269 -1.7486 -1.7486 -1.76155 -1.76155 -1.76545 -1.76545 -1.80373 -1.80373 -1.81365 -1.81365 -1.85184 -1.85184 -1.87731 2.56283e+18 
5.49493 0.000289571 0.000289571 0.000821921 0.000821921 0.000848362 0.000848362 0.00181778 0.00181778 0.00256176 0.00256176 0.00374957 0.00374957 0.000254087 -1.7486 -1.7486 -1.76155 -1.76155 -1.76545 -1.76545 -1.80373 -1.80373 -1.81365 -1.81365 -1.85184 -1.85184 -1.87731 2.08739e+18 
5.64988 0.000203899 0.000203899 0.000685104 0.000685104 0.000611911 0.000611911 0.00139613 0.00139613 0.00221983 0.00221983 0.00322898 0.00322898 0.000380179 -1.7486 -1.7486 -1.76155 -1.76155 -1.76545 -1.76545 -1.80373 -1.80373 -1.81365 -1.81365 -1.85184 -1.85184 -1.87731 1.6781e+18 
5.81978 0.000138886 0.000138886 0.000562679 0.000562679 0.000427975 0.000427975 0.00104631 0.00104631 0.0019042 0.0019042 0.00274537 0.00274537 0.000547695 -1.7486 -1.7486 -1.76155 -1.76155 -1.76545 -1.76545 -1.80373 -1.80373 -1.81365 -1.81365 -1.85184 -1.85184 -1.87731 1.33093e+18 
6.00607 9.12272e-05 9.12272e-05 0.000454641 0.000454641 0.000289413 0.000289413 0.000763429 0.000763429 0.0016152 0.0016152 0.00230229 0.00230229 0.000766437 -1.7486 -1.7486 -1.76155 -1.76155 -1.76545 -1.76545 -1.80373 -1.80373 -1.81365 -1.81365 -1.85184 -1.85184 -1.87731 1.04084e+18 
6.21033 5.75871e-05 5.75871e-05 0.000360769 0.000360769 0.000188632 0.000188632 0.000540999 0.000540999 0.00135301 0.00135301 0.00190239 0.00190239 0.00104802 -1.7486 -1.7486 -1.76155 -1.76155 -1.76545 -1.76545 -1.80373 -1.80373 -1.81365 -1.81365 -1.85184 -1.85184 -1.87731 8.0207e+17 
6.4343 3.48042e-05 3.48042e-05 0.000280618 0.000280618 0.000118091 0.000118091 0.000371356 0.000371356 0.00111768 0.00111768 0.0015472 0.0015472 0.0014059 -1.7486 -1.7486 -1.76155 -1.76155 -1.76545 -1.76545 -1.80373 -1.80373 -1.81365 -1.81365 -1.85184 -1.85184 -1.87731 6.08539e+17 
6.67987 2.00566e-05 2.00566e-05 0.00021351 0.00021351 7.07423e-05 7.07423e-05 0.000246207 0.000246207 0.000909069 0.000909069 0.00123712 0.00123712 0.00185521 -1.7486 -1.7486 -1.76155 -1.76155 -1.76545 -1.76545 -1.80373 -1.80373 -1.81365 -1.81365 -1.85184 -1.85184 -1.87731 4.54113e+17 
6.94914 1.09711e-05 1.09711e-05 0.000158541 0.000158541 4.03846e-05 4.03846e-05 0.000157169 0.000157169 0.000726747 0.000726747 0.000971376 0.000971376 0.00241205 -1.7486 -1.7486 -1.76155 -1.76155 -1.76545 -1.76545 -1.80373 -1.80373 -1.81365 -1.81365 -1.85184 -1.85184 -1.87731 3.32874e+17 
7.24439 5.66852e-06 5.66852e-06 0.000114604 0.000114604 2.18711e-05 2.18711e-05 9.62762e-05 9.62762e-05 0.000569975 0.000569975 0.00074808 0.00074808 0.00309205 -1.7486 -1.7486 -1.76155 -1.76155 -1.76545 -1.76545 -1.80373 -1.80373 -1.81365 -1.81365 -1.85184 -1.85184 -1.87731 2.39308e+17 
7.56812 2.75152e-06 2.75152e-06 8.04281e-05 8.04281e-05 1.11816e-05 1.11816e-05 5.63843e-05 5.63843e-05 0.000437637 0.000437637 0.000564351 0.000564351 0.00390753 -1.7486 -1.7486 -1.76155 -1.76155 -1.76545 -1.76545 -1.80373 -1.80373 -1.81365 -1.81365 -1.85184 -1.85184 -1.87731 1.6842e+17 
7.92309 1.24734e-06 1.24734e-06 5.4636e-05 5.4636e-05 5.36761e-06 5.36761e-06 3.14454e-05 3.14454e-05 0.000328223 0.000328223 0.000416508 0.000416508 0.00486274 -1.7486 -1.7486 -1.76155 -1.76155 -1.76545 -1.76545 -1.80373 -1.80373 -1.81365 -1.81365 -1.85184 -1.85184 -1.87731 1.15793e+17 
8.3123 5.24679e-07 5.24679e-07 3.581e-05 3.581e-05 2.40517e-06 2.40517e-06 1.66284e-05 1.66284e-05 0.000239838 0.000239838 0.000300303 0.000300303 0.00594595 -1.7486 -1.7486 -1.76155 -1.76155 -1.76545 -1.76545 -1.80373 -1.80373 -1.81365 -1.81365 -1.85184 -1.85184 -1.87731 7.75925e+16 
8.73906 2.03329e-07 2.03329e-07 2.25649e-05 2.25649e-05 9.99545e-07 9.99545e-07 8.29887e-06 8.29887e-06 0.000170253 0.000170253 0.000211186 0.000211186 0.00711788 -1.7486 -1.7486 -1.76155 -1.76155 -1.76545 -1.76545 -1.80373 -1.80373 -1.81365 -1.81365 -1.85184 -1.85184 -1.87731 5.05508e+16 
9.207 7.20279e-08 7.20279e-08 1.36154e-05 1.36154e-05 3.82556e-07 3.82556e-07 3.88942e-06 3.88942e-06 0.000117001 0.000117001 0.000144567 0.000144567 0.0082959 -1.7486 -1.7486 -1.76155 -1.76155 -1.76545 -1.76545 -1.80373 -1.80373 -1.81365 -1.81365 -1.85184 -1.85184 -1.87731 3.19324e+16 
9.72008 2.31235e-08 2.31235e-08 7.83012e-06 7.83012e-06 1.33805e-07 1.33806e-07 1.7025e-06 1.7025e-06 7.74951e-05 7.74951e-05 9.60593e-05 9.60593e-05 0.00933602 -1.7486 -1.7486 -1.76155 -1.76155 -1.76545 -1.76545 -1.80373 -1.80373 -1.81365 -1.81365 -1.85184 -1.85184 -1.87731 1.94967e+16 
10.2827 6.66393e-09 6.66393e-09 4.26711e-06 4.26711e-06 4.24093e-08 4.24093e-08 6.91871e-07 6.91871e-07 4.91629e-05 4.91629e-05 6.16655e-05 6.16655e-05 0.0100194 -1.7486 -1.7486 -1.76155 -1.76155 -1.76545 -1.76545 -1.80373 -1.80373 -1.81365 -1.81365 -1.85184 -1.85184 -1.87731 1.14567e+16 
10.8995 1.70585e-09 1.70585e-09 2.18564e-06 2.18564e-06 1.20663e-08 1.20663e-08 2.59229e-07 2.59229e-07 2.95805e-05 2.95805e-05 3.79177e-05 3.79177e-05 0.0100589 -1.7486 -1.7486 -1.76155 -1.76155 -1.76545 -1.76545 -1.80373 -1.80373 -1.81365 -1.81365 -1.85184 -1.85184 -1.87731 6.43308e+15 
11.5759 3.83222e-10 3.83221e-10 1.03779e-06 1.03779e-06 3.04838e-09 3.04838e-09 8.87129e-08 8.87129e-08 1.65837e-05 1.65837e-05 2.19482e-05 2.19482e-05 0.00915521 -1.7486 -1.7486 -1.76155 -1.76155 -1.76545 -1.76545 -1.80373 -1.80373 -1.81365 -1.81365 -1.85184 -1.85184 -1.87731 3.40207e+15 
12.3175 7.43805e-11 7.438e-11 4.43668e-07 4.43668e-07 6.73442e-10 6.73442e-10 2.72394e-08 2.72395e-08 8.34901e-06 8.34901e-06 1.1509e-05 1.1509e-05 0.00714157 -1.7486 -1.7486 -1.76155 -1.76155 -1.76545 -1.76545 -1.80373 -1.80373 -1.81365 -1.81365 -1.85184 -1.85184 -1.87731 1.63821e+15 
13.1307 1.20619e-11 1.20619e-11 1.57819e-07 1.57819e-07 1.25337e-10 1.25338e-10 7.11316e-09 7.11315e-09 3.44093e-06 3.44093e-06 4.96049e-06 4.96049e-06 0.00423806 -1.7486 -1.7486 -1.76155 -1.76155 -1.76545 -1.76545 -1.80373 -1.80373 -1.81365 -1.81365 -1.85184 -1.85184 -1.87731 6.56032e+14 
14.0223 1.36674e-12 1.36672e-12 3.45671e-08 3.45671e-08 1.61165e-11 1.61165e-11 1.22726e-09 1.22726e-09 8.40951e-07 8.4095e-07 1.26079e-06 1.26079e-06 0.00133694 -1.7486 -1.7486 -1.76155 -1.76155 -1.76545 -1.76545 -1.80373 -1.80373 -1.81365 -1.81365 -1.85184 -1.85184 -1.87731 1.58125e+14 
15 0 0 0 0 0 0 0 0 0 0 0 0 0 -1.7486 -1.7486 -1.76155 -1.76155 -1.76545 -1.76545 -1.80373 -1.80373 -1.81365 -1.81365 -1.85184 -1.85184 -1.87731 0 