# Parameter sweep (sweep_drain)
# Simulation    : driftdiffusion
# Sweep variable: $Vd
# Data ordering : column
# Data:
# --------------------------------------------------
# Name                     Units          Type
# --------------------------------------------------
# drain.current            A              real
# gate.current             A              real
# source.current           A              real
# --------------------------------------------------
#
# $Vd drain.current gate.current source.current 
0 0 0 0
0.05 -1.94868e-06 0 1.94868e-06
0.1 -2.78259e-06 0 2.78259e-06
0.15 -3.27977e-06 0 3.27977e-06
0.2 -3.74488e-06 0 3.74488e-06
0.25 -4.17847e-06 0 4.17847e-06
0.3 -4.58203e-06 0 4.58203e-06
0.35 -4.96099e-06 0 4.96099e-06
0.4 -5.32198e-06 0 5.32198e-06
0.45 -5.67045e-06 0 5.67045e-06
0.5 -6.00796e-06 0 6.00796e-06
0.55 -6.33377e-06 0 6.33377e-06
0.6 -6.64641e-06 0 6.64641e-06
0.65 -6.94244e-06 0 6.94244e-06
0.7 -7.21601e-06 0 7.21601e-06
0.75 -7.46577e-06 0 7.46577e-06
0.8 -7.69239e-06 0 7.69239e-06
0.85 -7.8984e-06 0 7.8984e-06
0.9 -8.08529e-06 0 8.08529e-06
0.95 -8.25091e-06 0 8.25091e-06
1 -8.38525e-06 0 8.38525e-06
1.05 -8.48429e-06 0 8.48429e-06
1.1 -8.55233e-06 0 8.55233e-06
1.15 -8.59533e-06 0 8.59533e-06
1.2 -8.62006e-06 0 8.62006e-06
1.25 -8.63336e-06 0 8.63336e-06
1.3 -8.6407e-06 0 8.6407e-06
1.35 -8.64529e-06 0 8.64529e-06
1.4 -8.64859e-06 0 8.64859e-06
1.45 -8.65118e-06 0 8.65118e-06
1.5 -8.65332e-06 0 8.65332e-06
1.55 -8.65515e-06 0 8.65515e-06
1.6 -8.65675e-06 0 8.65675e-06
1.65 -8.65817e-06 0 8.65817e-06
1.7 -8.65945e-06 0 8.65945e-06
1.75 -8.66061e-06 0 8.66061e-06
1.8 -8.66168e-06 0 8.66168e-06
1.85 -8.66267e-06 0 8.66267e-06
1.9 -8.66358e-06 0 8.66358e-06
1.95 -8.66444e-06 0 8.66444e-06
2 -8.66524e-06 0 8.66524e-06
2.05 -8.666e-06 0 8.666e-06
2.1 -8.66672e-06 0 8.66672e-06
2.15 -8.6674e-06 0 8.6674e-06
2.2 -8.66804e-06 0 8.66804e-06
2.25 -8.66866e-06 0 8.66866e-06
2.3 -8.66924e-06 0 8.66924e-06
2.35 -8.66981e-06 0 8.66981e-06
2.4 -8.67035e-06 0 8.67035e-06
2.45 -8.67086e-06 0 8.67086e-06
2.5 -8.67136e-06 0 8.67136e-06
2.55 -8.67184e-06 0 8.67184e-06
2.6 -8.6723e-06 0 8.6723e-06
2.65 -8.67275e-06 0 8.67275e-06
2.7 -8.67318e-06 0 8.67318e-06
2.75 -8.67359e-06 0 8.67359e-06
2.8 -8.67399e-06 0 8.67399e-06
2.85 -8.67438e-06 0 8.67438e-06
2.9 -8.67476e-06 0 8.67476e-06
2.95 -8.67513e-06 0 8.67513e-06
3 -8.67548e-06 0 8.67548e-06
3.05 -8.67583e-06 0 8.67583e-06
3.1 -8.67617e-06 0 8.67617e-06
3.15 -8.6765e-06 0 8.6765e-06
3.2 -8.67682e-06 0 8.67682e-06
3.25 -8.67714e-06 0 8.67714e-06
3.3 -8.67744e-06 0 8.67744e-06
3.35 -8.67774e-06 0 8.67774e-06
3.4 -8.67804e-06 0 8.67804e-06
3.45 -8.67832e-06 0 8.67832e-06
3.5 -8.6786e-06 0 8.6786e-06
