# ASCII 1D datafile generated by TiberCAD
# x Ec Ev eQFermi hQFermi ElPotential Eg eDensity hDensity eMobility hMobility ElField_x ElField_y ElField_z CurrentDensity_x CurrentDensity_y CurrentDensity_z eCurrentDensity_x eCurrentDensity_y eCurrentDensity_z hCurrentDensity_x hCurrentDensity_y hCurrentDensity_z IonizedDonors IonizedAcceptors NetRecombination SRHRecombination AugerRecombination OpticalGeneration 
-1 0.0425109 -1.0763 0 0 2.18097 1.11881 4.96051e+18 43.656 108.05 25.3161 0.00209855 0 0 0.174677 0 0 0.181707 0 0 -0.00703011 0 0 4.96051e+18 0 -1e+21 1.88369e-05 2.99885e-09 -1e+21 
-0.980036 0.0425109 -1.0763 4.22427e-09 -0.505746 2.18097 1.11881 4.96051e+18 1.36833e+10 108.05 46.277 0.00206374 0 0 0.174677 0 0 0.181548 0 0 -0.00687092 0 0 4.96051e+18 0 -9.95434e+20 4.56566e+18 6.84415e+14 -1e+21 
-0.960432 0.0425109 -1.0763 8.36544e-09 -0.541529 2.18097 1.11881 4.96051e+18 5.46155e+10 108.05 69.1304 0.00203083 0 0 0.174677 0 0 0.181238 0 0 -0.00656039 0 0 4.96051e+18 0 -9.81774e+20 1.82234e+19 2.73178e+15 -1e+21 
-0.941179 0.0425109 -1.0763 1.24253e-08 -0.555975 2.18097 1.11881 4.96051e+18 9.55016e+10 108.05 71.4903 0.00203204 0 0 0.174677 0 0 0.180937 0 0 -0.00625966 0 0 4.96051e+18 0 -9.6813e+20 3.18657e+19 4.77683e+15 -1e+21 
-0.922272 0.0425109 -1.0763 1.64058e-08 -0.564715 2.18097 1.11881 4.96051e+18 1.33915e+11 108.05 72.1566 0.00203206 0 0 0.174677 0 0 0.180646 0 0 -0.00596833 0 0 4.96051e+18 0 -9.5531e+20 4.46829e+19 6.6982e+15 -1e+21 
-0.903705 0.0425109 -1.0763 2.03085e-08 -0.570859 2.18097 1.11881 4.96051e+18 1.69842e+11 108.05 72.4633 0.00203222 0 0 0.174677 0 0 0.180363 0 0 -0.00568593 0 0 4.96051e+18 0 -9.43321e+20 5.66705e+19 8.49519e+15 -1e+21 
-0.885472 0.0425109 -1.0763 2.41352e-08 -0.575521 2.18097 1.11881 4.96051e+18 2.03406e+11 108.05 72.6381 0.00203237 0 0 0.174677 0 0 0.180089 0 0 -0.005412 0 0 4.96051e+18 0 -9.3212e+20 6.78696e+19 1.0174e+16 -1e+21 
-0.867566 0.0425109 -1.0763 2.78876e-08 -0.579225 2.18097 1.11881 4.96051e+18 2.34737e+11 108.05 72.7503 0.0020325 0 0 0.174677 0 0 0.179823 0 0 -0.00514609 0 0 4.96051e+18 0 -9.21664e+20 7.83238e+19 1.17411e+16 -1e+21 
-0.849982 0.0425109 -1.0763 3.15671e-08 -0.582258 2.18097 1.11881 4.96051e+18 2.63958e+11 108.05 72.8281 0.00203262 0 0 0.174677 0 0 0.179565 0 0 -0.0048878 0 0 4.96051e+18 0 -9.11913e+20 8.80738e+19 1.32027e+16 -1e+21 
-0.832714 0.0425109 -1.0763 3.51754e-08 -0.584795 2.18097 1.11881 4.96051e+18 2.91182e+11 108.05 72.8851 0.00203272 0 0 0.174677 0 0 0.179314 0 0 -0.00463676 0 0 4.96051e+18 0 -9.02828e+20 9.71577e+19 1.45644e+16 -1e+21 
-0.815756 0.0425109 -1.0763 3.8714e-08 -0.586952 2.18097 1.11881 4.96051e+18 3.16516e+11 108.05 72.9285 0.00203282 0 0 0.174677 0 0 0.17907 0 0 -0.00439262 0 0 4.96051e+18 0 -8.94373e+20 1.05611e+20 1.58316e+16 -1e+21 
-0.799102 0.0425109 -1.0763 4.21843e-08 -0.588807 2.18097 1.11881 4.96051e+18 3.40059e+11 108.05 72.9627 0.00203291 0 0 0.174677 0 0 0.178832 0 0 -0.00415503 0 0 4.96051e+18 0 -8.86517e+20 1.13466e+20 1.70092e+16 -1e+21 
-0.782748 0.0425109 -1.0763 4.55879e-08 -0.590416 2.18097 1.11881 4.96051e+18 3.61904e+11 108.05 72.9902 0.00203299 0 0 0.174677 0 0 0.178601 0 0 -0.0039237 0 0 4.96051e+18 0 -8.79227e+20 1.20755e+20 1.81018e+16 -1e+21 
-0.766688 0.0425109 -1.0763 4.8926e-08 -0.591823 2.18097 1.11881 4.96051e+18 3.82138e+11 108.05 73.0129 0.00203306 0 0 0.174677 0 0 0.178376 0 0 -0.00369834 0 0 4.96051e+18 0 -8.72474e+20 1.27507e+20 1.91139e+16 -1e+21 
-0.750917 0.0425109 -1.0763 5.22e-08 -0.593058 2.18097 1.11881 4.96051e+18 4.00845e+11 108.05 73.0319 0.00203313 0 0 0.174677 0 0 0.178156 0 0 -0.00347866 0 0 4.96051e+18 0 -8.66231e+20 1.33749e+20 2.00496e+16 -1e+21 
-0.735428 0.0425109 -1.0763 5.54113e-08 -0.594148 2.18097 1.11881 4.96051e+18 4.18101e+11 108.05 73.048 0.0020332 0 0 0.174677 0 0 0.177942 0 0 -0.00326442 0 0 4.96051e+18 0 -8.60473e+20 1.39506e+20 2.09127e+16 -1e+21 
-0.720218 0.0425109 -1.0763 5.85611e-08 -0.595112 2.18097 1.11881 4.96051e+18 4.33981e+11 108.05 73.0619 0.00203327 0 0 0.174677 0 0 0.177733 0 0 -0.00305538 0 0 4.96051e+18 0 -8.55173e+20 1.44805e+20 2.1707e+16 -1e+21 
-0.705282 0.0425109 -1.0763 6.16508e-08 -0.595966 2.18097 1.11881 4.96051e+18 4.48555e+11 108.05 73.074 0.00203333 0 0 0.174677 0 0 0.177529 0 0 -0.0028513 0 0 4.96051e+18 0 -8.5031e+20 1.49668e+20 2.24359e+16 -1e+21 
-0.690613 0.0425109 -1.0763 6.46815e-08 -0.596723 2.18097 1.11881 4.96051e+18 4.61887e+11 108.05 73.0847 0.00203339 0 0 0.174677 0 0 0.177329 0 0 -0.00265199 0 0 4.96051e+18 0 -8.45861e+20 1.54116e+20 2.31028e+16 -1e+21 
-0.676209 0.0425109 -1.0763 6.76545e-08 -0.597394 2.18097 1.11881 4.96051e+18 4.7404e+11 108.05 73.0942 0.00203345 0 0 0.174677 0 0 0.177135 0 0 -0.00245725 0 0 4.96051e+18 0 -8.41805e+20 1.58171e+20 2.37107e+16 -1e+21 
-0.662063 0.0425109 -1.0763 7.05708e-08 -0.597989 2.18097 1.11881 4.96051e+18 4.85075e+11 108.05 73.1026 0.0020335 0 0 0.174677 0 0 0.176944 0 0 -0.00226687 0 0 4.96051e+18 0 -8.38122e+20 1.61853e+20 2.42626e+16 -1e+21 
-0.648171 0.0425109 -1.0763 7.34318e-08 -0.598515 2.18097 1.11881 4.96051e+18 4.95046e+11 108.05 73.1102 0.00203355 0 0 0.174677 0 0 0.176758 0 0 -0.0020807 0 0 4.96051e+18 0 -8.34795e+20 1.6518e+20 2.47614e+16 -1e+21 
-0.634529 0.042511 -1.0763 7.62384e-08 -0.598979 2.18097 1.11881 4.96051e+18 5.04009e+11 108.05 73.1171 0.00203361 0 0 0.174677 0 0 0.176576 0 0 -0.00189857 0 0 4.96051e+18 0 -8.31804e+20 1.68171e+20 2.52096e+16 -1e+21 
-0.621132 0.042511 -1.0763 7.89917e-08 -0.599386 2.18097 1.11881 4.96051e+18 5.12012e+11 108.05 73.1234 0.00203366 0 0 0.174677 0 0 0.176398 0 0 -0.00172031 0 0 4.96051e+18 0 -8.29133e+20 1.70841e+20 2.561e+16 -1e+21 
-0.607975 0.042511 -1.0763 8.16929e-08 -0.599742 2.18097 1.11881 4.96051e+18 5.19105e+11 108.05 73.1292 0.0020337 0 0 0.174677 0 0 0.176223 0 0 -0.00154579 0 0 4.96051e+18 0 -8.26766e+20 1.73208e+20 2.59647e+16 -1e+21 
-0.595055 0.042511 -1.0763 8.4343e-08 -0.60005 2.18097 1.11881 4.96051e+18 5.25333e+11 108.05 73.1345 0.00203375 0 0 0.174677 0 0 0.176052 0 0 -0.00137486 0 0 4.96051e+18 0 -8.24688e+20 1.75286e+20 2.62763e+16 -1e+21 
-0.582368 0.042511 -1.0763 8.69429e-08 -0.600315 2.18097 1.11881 4.96051e+18 5.3074e+11 108.05 73.1394 0.0020338 0 0 0.174677 0 0 0.175885 0 0 -0.0012074 0 0 4.96051e+18 0 -8.22883e+20 1.7709e+20 2.65467e+16 -1e+21 
-0.569908 0.042511 -1.0763 8.94937e-08 -0.600539 2.18097 1.11881 4.96051e+18 5.35368e+11 108.05 73.1439 0.00203384 0 0 0.174677 0 0 0.175721 0 0 -0.00104329 0 0 4.96051e+18 0 -8.21339e+20 1.78635e+20 2.67782e+16 -1e+21 
-0.557672 0.042511 -1.0763 9.19964e-08 -0.600727 2.18097 1.11881 4.96051e+18 5.39257e+11 108.05 73.148 0.00203389 0 0 0.174677 0 0 0.17556 0 0 -0.000882395 0 0 4.96051e+18 0 -8.20041e+20 1.79932e+20 2.69727e+16 -1e+21 
-0.545655 0.042511 -1.0763 9.44519e-08 -0.600879 2.18097 1.11881 4.96051e+18 5.42443e+11 108.05 73.1519 0.00203393 0 0 0.174677 0 0 0.175402 0 0 -0.000724623 0 0 4.96051e+18 0 -8.18978e+20 1.80995e+20 2.71321e+16 -1e+21 
-0.533855 0.042511 -1.0763 9.68611e-08 -0.600999 2.18097 1.11881 4.96051e+18 5.44964e+11 108.05 73.1554 0.00203397 0 0 0.174677 0 0 0.175247 0 0 -0.000569866 0 0 4.96051e+18 0 -8.18137e+20 1.81836e+20 2.72582e+16 -1e+21 
-0.522267 0.042511 -1.0763 9.92249e-08 -0.601088 2.18097 1.11881 4.96051e+18 5.46853e+11 108.05 73.1587 0.00203401 0 0 0.174677 0 0 0.175095 0 0 -0.000418025 0 0 4.96051e+18 0 -8.17506e+20 1.82467e+20 2.73526e+16 -1e+21 
-0.510887 0.042511 -1.0763 1.01544e-07 -0.601149 2.18097 1.11881 4.96051e+18 5.48143e+11 108.05 73.1616 0.00203405 0 0 0.174677 0 0 0.174946 0 0 -0.00026901 0 0 4.96051e+18 0 -8.17076e+20 1.82897e+20 2.74172e+16 -1e+21 
-0.499711 0.042511 -1.0763 1.0382e-07 -0.601183 2.18097 1.11881 4.96051e+18 5.48865e+11 108.05 73.1641 0.00203409 0 0 0.174677 0 0 0.1748 0 0 -0.000122732 0 0 4.96051e+18 0 -8.16835e+20 1.83138e+20 2.74533e+16 -1e+21 
-0.488737 0.042511 -1.0763 1.06053e-07 -0.601192 2.18097 1.11881 4.96051e+18 5.4905e+11 108.05 73.1649 0.00203413 0 0 0.174677 0 0 0.174656 0 0 2.08908e-05 0 0 4.96051e+18 0 -8.16773e+20 1.832e+20 2.74625e+16 -1e+21 
-0.477959 0.042511 -1.0763 1.08244e-07 -0.601176 2.18097 1.11881 4.96051e+18 5.48725e+11 108.05 73.1635 0.00203416 0 0 0.174677 0 0 0.174515 0 0 0.000161937 0 0 4.96051e+18 0 -8.16881e+20 1.83091e+20 2.74463e+16 -1e+21 
-0.467375 0.042511 -1.0763 1.10394e-07 -0.601138 2.18097 1.11881 4.96051e+18 5.47917e+11 108.05 73.161 0.0020342 0 0 0.174677 0 0 0.174377 0 0 0.000300482 0 0 4.96051e+18 0 -8.17151e+20 1.82822e+20 2.74059e+16 -1e+21 
-0.456981 0.042511 -1.0763 1.12504e-07 -0.601079 2.18097 1.11881 4.96051e+18 5.46653e+11 108.05 73.1583 0.00203424 0 0 0.174677 0 0 0.174241 0 0 0.000436594 0 0 4.96051e+18 0 -8.17573e+20 1.824e+20 2.73427e+16 -1e+21 
-0.446774 0.042511 -1.0763 1.14574e-07 -0.600998 2.18097 1.11881 4.96051e+18 5.44957e+11 108.05 73.1555 0.00203427 0 0 0.174677 0 0 0.174107 0 0 0.000570342 0 0 4.96051e+18 0 -8.18139e+20 1.81834e+20 2.72578e+16 -1e+21 
-0.436751 0.042511 -1.0763 1.16606e-07 -0.600898 2.18097 1.11881 4.96051e+18 5.42853e+11 108.05 73.1525 0.00203431 0 0 0.174677 0 0 0.173976 0 0 0.000701789 0 0 4.96051e+18 0 -8.18841e+20 1.81132e+20 2.71526e+16 -1e+21 
-0.426907 0.042511 -1.0763 1.18599e-07 -0.600779 2.18097 1.11881 4.96051e+18 5.40364e+11 108.05 73.1494 0.00203434 0 0 0.174677 0 0 0.173846 0 0 0.000830995 0 0 4.96051e+18 0 -8.19672e+20 1.80301e+20 2.70281e+16 -1e+21 
-0.41724 0.042511 -1.0763 1.20556e-07 -0.600643 2.18097 1.11881 4.96051e+18 5.3751e+11 108.05 73.1462 0.00203438 0 0 0.174677 0 0 0.173719 0 0 0.000958017 0 0 4.96051e+18 0 -8.20624e+20 1.79349e+20 2.68853e+16 -1e+21 
-0.407747 0.042511 -1.0763 1.22475e-07 -0.600488 2.18097 1.11881 4.96051e+18 5.34312e+11 108.05 73.1429 0.00203441 0 0 0.174677 0 0 0.173594 0 0 0.00108291 0 0 4.96051e+18 0 -8.21691e+20 1.78282e+20 2.67254e+16 -1e+21 
-0.398425 0.042511 -1.0763 1.24359e-07 -0.600317 2.18097 1.11881 4.96051e+18 5.30791e+11 108.05 73.1395 0.00203445 0 0 0.174677 0 0 0.173472 0 0 0.00120573 0 0 4.96051e+18 0 -8.22866e+20 1.77107e+20 2.65493e+16 -1e+21 
-0.38927 0.042511 -1.0763 1.26208e-07 -0.60013 2.18097 1.11881 4.96051e+18 5.26965e+11 108.05 73.136 0.00203448 0 0 0.174677 0 0 0.173351 0 0 0.00132652 0 0 4.96051e+18 0 -8.24143e+20 1.75831e+20 2.63579e+16 -1e+21 
-0.380279 0.042511 -1.0763 1.28022e-07 -0.599928 2.18097 1.11881 4.96051e+18 5.22852e+11 108.05 73.1324 0.00203451 0 0 0.174677 0 0 0.173232 0 0 0.00144533 0 0 4.96051e+18 0 -8.25516e+20 1.74458e+20 2.61522e+16 -1e+21 
-0.37145 0.042511 -1.0763 1.29803e-07 -0.59971 2.18097 1.11881 4.96051e+18 5.18469e+11 108.05 73.1287 0.00203454 0 0 0.174677 0 0 0.173115 0 0 0.00156221 0 0 4.96051e+18 0 -8.26978e+20 1.72996e+20 2.59329e+16 -1e+21 
-0.36278 0.042511 -1.0763 1.3155e-07 -0.599478 2.18097 1.11881 4.96051e+18 5.13833e+11 108.05 73.125 0.00203458 0 0 0.174677 0 0 0.173 0 0 0.00167719 0 0 4.96051e+18 0 -8.28525e+20 1.71449e+20 2.5701e+16 -1e+21 
-0.354266 0.042511 -1.0763 1.33265e-07 -0.599232 2.18097 1.11881 4.96051e+18 5.08959e+11 108.05 73.1211 0.00203461 0 0 0.174677 0 0 0.172887 0 0 0.00179033 0 0 4.96051e+18 0 -8.30152e+20 1.69823e+20 2.54573e+16 -1e+21 
-0.345904 0.042511 -1.0763 1.34948e-07 -0.598971 2.18097 1.11881 4.96051e+18 5.03863e+11 108.05 73.1171 0.00203464 0 0 0.174677 0 0 0.172776 0 0 0.00190165 0 0 4.96051e+18 0 -8.31853e+20 1.68122e+20 2.52024e+16 -1e+21 
-0.337693 0.042511 -1.0763 1.36599e-07 -0.598698 2.18097 1.11881 4.96051e+18 4.98558e+11 108.05 73.113 0.00203467 0 0 0.174677 0 0 0.172666 0 0 0.00201121 0 0 4.96051e+18 0 -8.33623e+20 1.66352e+20 2.4937e+16 -1e+21 
-0.329629 0.042511 -1.0763 1.3822e-07 -0.598411 2.18097 1.11881 4.96051e+18 4.93059e+11 108.05 73.1088 0.0020347 0 0 0.174677 0 0 0.172558 0 0 0.00211903 0 0 4.96051e+18 0 -8.35458e+20 1.64517e+20 2.4662e+16 -1e+21 
-0.32171 0.042511 -1.0763 1.39811e-07 -0.598112 2.18097 1.11881 4.96051e+18 4.87379e+11 108.05 73.1045 0.00203473 0 0 0.174677 0 0 0.172452 0 0 0.00222515 0 0 4.96051e+18 0 -8.37354e+20 1.62622e+20 2.43779e+16 -1e+21 
-0.313934 0.042511 -1.0763 1.41372e-07 -0.597799 2.18097 1.11881 4.96051e+18 4.8153e+11 108.05 73.1 0.00203476 0 0 0.174677 0 0 0.172348 0 0 0.0023296 0 0 4.96051e+18 0 -8.39305e+20 1.60671e+20 2.40853e+16 -1e+21 
-0.306297 0.042511 -1.0763 1.42904e-07 -0.597475 2.18097 1.11881 4.96051e+18 4.75525e+11 108.05 73.0954 0.00203479 0 0 0.174677 0 0 0.172245 0 0 0.00243241 0 0 4.96051e+18 0 -8.41309e+20 1.58667e+20 2.37849e+16 -1e+21 
-0.298797 0.042511 -1.0763 1.44408e-07 -0.597138 2.18097 1.11881 4.96051e+18 4.69374e+11 108.05 73.0907 0.00203482 0 0 0.174677 0 0 0.172144 0 0 0.00253363 0 0 4.96051e+18 0 -8.43362e+20 1.56614e+20 2.34773e+16 -1e+21 
-0.291432 0.042511 -1.0763 1.45884e-07 -0.59679 2.18097 1.11881 4.96051e+18 4.63089e+11 108.05 73.0858 0.00203485 0 0 0.174677 0 0 0.172044 0 0 0.00263327 0 0 4.96051e+18 0 -8.45459e+20 1.54517e+20 2.31629e+16 -1e+21 
-0.2842 0.042511 -1.0763 1.47333e-07 -0.59643 2.18097 1.11881 4.96051e+18 4.56681e+11 108.05 73.0808 0.00203488 0 0 0.174677 0 0 0.171946 0 0 0.00273136 0 0 4.96051e+18 0 -8.47598e+20 1.52379e+20 2.28424e+16 -1e+21 
-0.277097 0.042511 -1.0763 1.48754e-07 -0.596058 2.18097 1.11881 4.96051e+18 4.50158e+11 108.05 73.0756 0.00203491 0 0 0.174677 0 0 0.171849 0 0 0.00282794 0 0 4.96051e+18 0 -8.49775e+20 1.50203e+20 2.25162e+16 -1e+21 
-0.270122 0.042511 -1.0763 1.5015e-07 -0.595674 2.18097 1.11881 4.96051e+18 4.43532e+11 108.05 73.0702 0.00203494 0 0 0.174677 0 0 0.171754 0 0 0.00292303 0 0 4.96051e+18 0 -8.51986e+20 1.47992e+20 2.21847e+16 -1e+21 
-0.263272 0.042511 -1.0763 1.5152e-07 -0.59528 2.18097 1.11881 4.96051e+18 4.36811e+11 108.05 73.0646 0.00203497 0 0 0.174677 0 0 0.171661 0 0 0.00301665 0 0 4.96051e+18 0 -8.54229e+20 1.45749e+20 2.18485e+16 -1e+21 
-0.256546 0.042511 -1.0763 1.52864e-07 -0.594874 2.18097 1.11881 4.96051e+18 4.30003e+11 108.05 73.0588 0.002035 0 0 0.174677 0 0 0.171569 0 0 0.00310884 0 0 4.96051e+18 0 -8.56501e+20 1.43478e+20 2.1508e+16 -1e+21 
-0.24994 0.042511 -1.0763 1.54183e-07 -0.594456 2.18097 1.11881 4.96051e+18 4.23118e+11 108.05 73.0528 0.00203502 0 0 0.174677 0 0 0.171478 0 0 0.00319961 0 0 4.96051e+18 0 -8.58799e+20 1.4118e+20 2.11636e+16 -1e+21 
-0.243453 0.042511 -1.0763 1.55478e-07 -0.594028 2.18097 1.11881 4.96051e+18 4.16162e+11 108.05 73.0466 0.00203505 0 0 0.174677 0 0 0.171388 0 0 0.00328899 0 0 4.96051e+18 0 -8.6112e+20 1.38859e+20 2.08157e+16 -1e+21 
-0.237082 0.042511 -1.0763 1.56749e-07 -0.593588 2.18097 1.11881 4.96051e+18 4.09144e+11 108.05 73.0401 0.00203508 0 0 0.174677 0 0 0.1713 0 0 0.003377 0 0 4.96051e+18 0 -8.63462e+20 1.36518e+20 2.04647e+16 -1e+21 
-0.230826 0.042511 -1.0763 1.57997e-07 -0.593137 2.18097 1.11881 4.96051e+18 4.02071e+11 108.05 73.0335 0.00203511 0 0 0.174677 0 0 0.171214 0 0 0.00346366 0 0 4.96051e+18 0 -8.65822e+20 1.34158e+20 2.01109e+16 -1e+21 
-0.224683 0.042511 -1.0763 1.59222e-07 -0.592675 2.18097 1.11881 4.96051e+18 3.9495e+11 108.05 73.0265 0.00203514 0 0 0.174677 0 0 0.171128 0 0 0.003549 0 0 4.96051e+18 0 -8.68199e+20 1.31782e+20 1.97547e+16 -1e+21 
-0.218649 0.042511 -1.0763 1.60424e-07 -0.592202 2.18097 1.11881 4.96051e+18 3.87787e+11 108.05 73.0193 0.00203517 0 0 0.174677 0 0 0.171044 0 0 0.00363304 0 0 4.96051e+18 0 -8.70589e+20 1.29392e+20 1.93965e+16 -1e+21 
-0.212724 0.042511 -1.0763 1.61604e-07 -0.591718 2.18097 1.11881 4.96051e+18 3.80589e+11 108.05 73.0118 0.0020352 0 0 0.174677 0 0 0.170962 0 0 0.0037158 0 0 4.96051e+18 0 -8.72991e+20 1.2699e+20 1.90364e+16 -1e+21 
-0.206906 0.042511 -1.0763 1.62762e-07 -0.591222 2.18097 1.11881 4.96051e+18 3.73361e+11 108.05 73.0039 0.00203522 0 0 0.174677 0 0 0.17088 0 0 0.00379729 0 0 4.96051e+18 0 -8.75403e+20 1.24578e+20 1.86749e+16 -1e+21 
-0.201192 0.042511 -1.0763 1.63898e-07 -0.590715 2.18097 1.11881 4.96051e+18 3.6611e+11 108.05 72.9958 0.00203525 0 0 0.174677 0 0 0.1708 0 0 0.00387754 0 0 4.96051e+18 0 -8.77823e+20 1.22159e+20 1.83122e+16 -1e+21 
-0.195581 0.042511 -1.0763 1.65014e-07 -0.590197 2.18097 1.11881 4.96051e+18 3.5884e+11 108.05 72.9873 0.00203528 0 0 0.174677 0 0 0.170721 0 0 0.00395657 0 0 4.96051e+18 0 -8.80249e+20 1.19733e+20 1.79486e+16 -1e+21 
-0.19007 0.042511 -1.0763 1.66109e-07 -0.589666 2.18097 1.11881 4.96051e+18 3.51557e+11 108.05 72.9784 0.00203531 0 0 0.174677 0 0 0.170643 0 0 0.00403439 0 0 4.96051e+18 0 -8.82679e+20 1.17303e+20 1.75843e+16 -1e+21 
-0.184659 0.042511 -1.0763 1.67185e-07 -0.589125 2.18097 1.11881 4.96051e+18 3.44266e+11 108.05 72.9691 0.00203534 0 0 0.174677 0 0 0.170566 0 0 0.00411103 0 0 4.96051e+18 0 -8.85113e+20 1.1487e+20 1.72196e+16 -1e+21 
-0.179345 0.042511 -1.0763 1.6824e-07 -0.588571 2.18097 1.11881 4.96051e+18 3.36971e+11 108.05 72.9595 0.00203537 0 0 0.174677 0 0 0.170491 0 0 0.00418649 0 0 4.96051e+18 0 -8.87547e+20 1.12436e+20 1.68547e+16 -1e+21 
-0.174126 0.042511 -1.0763 1.69276e-07 -0.588005 2.18097 1.11881 4.96051e+18 3.29677e+11 108.05 72.9493 0.0020354 0 0 0.174677 0 0 0.170417 0 0 0.0042608 0 0 4.96051e+18 0 -8.89981e+20 1.10002e+20 1.64899e+16 -1e+21 
-0.169001 0.042511 -1.0763 1.70293e-07 -0.587427 2.18097 1.11881 4.96051e+18 3.22388e+11 108.05 72.9388 0.00203542 0 0 0.174677 0 0 0.170343 0 0 0.00433398 0 0 4.96051e+18 0 -8.92414e+20 1.0757e+20 1.61253e+16 -1e+21 
-0.163968 0.042511 -1.0763 1.71291e-07 -0.586837 2.18097 1.11881 4.96051e+18 3.15108e+11 108.05 72.9277 0.00203545 0 0 0.174677 0 0 0.170271 0 0 0.00440604 0 0 4.96051e+18 0 -8.94843e+20 1.05141e+20 1.57612e+16 -1e+21 
-0.159026 0.042511 -1.0763 1.7227e-07 -0.586234 2.18097 1.11881 4.96051e+18 3.07841e+11 108.05 72.916 0.00203548 0 0 0.174677 0 0 0.1702 0 0 0.00447699 0 0 4.96051e+18 0 -8.97268e+20 1.02716e+20 1.53977e+16 -1e+21 
-0.154172 0.042511 -1.0763 1.73232e-07 -0.585617 2.18097 1.11881 4.96051e+18 3.00589e+11 108.05 72.9038 0.00203551 0 0 0.174677 0 0 0.17013 0 0 0.00454686 0 0 4.96051e+18 0 -8.99688e+20 1.00297e+20 1.5035e+16 -1e+21 
-0.149406 0.042511 -1.0763 1.74176e-07 -0.584988 2.18097 1.11881 4.96051e+18 2.93358e+11 108.05 72.891 0.00203555 0 0 0.174677 0 0 0.170062 0 0 0.00461566 0 0 4.96051e+18 0 -9.02102e+20 9.78837e+19 1.46733e+16 -1e+21 
-0.144725 0.0425111 -1.0763 1.75103e-07 -0.584345 2.18097 1.11881 4.96051e+18 2.86149e+11 108.05 72.8775 0.00203558 0 0 0.174677 0 0 0.169994 0 0 0.0046834 0 0 4.96051e+18 0 -9.04507e+20 9.54784e+19 1.43127e+16 -1e+21 
-0.140129 0.0425111 -1.0763 1.76013e-07 -0.583687 2.18097 1.11881 4.96051e+18 2.78966e+11 108.05 72.8633 0.00203561 0 0 0.174677 0 0 0.169927 0 0 0.0047501 0 0 4.96051e+18 0 -9.06904e+20 9.30817e+19 1.39534e+16 -1e+21 
-0.135614 0.0425111 -1.0763 1.76906e-07 -0.583016 2.18097 1.11881 4.96051e+18 2.71812e+11 108.05 72.8484 0.00203564 0 0 0.174677 0 0 0.169862 0 0 0.00481578 0 0 4.96051e+18 0 -9.09292e+20 9.06946e+19 1.35956e+16 -1e+21 
-0.131182 0.0425111 -1.0763 1.77783e-07 -0.582329 2.18097 1.11881 4.96051e+18 2.64689e+11 108.05 72.8327 0.00203567 0 0 0.174677 0 0 0.169797 0 0 0.00488045 0 0 4.96051e+18 0 -9.11669e+20 8.83179e+19 1.32393e+16 -1e+21 
-0.126828 0.0425111 -1.0763 1.78643e-07 -0.581627 2.18097 1.11881 4.96051e+18 2.576e+11 108.05 72.8161 0.00203571 0 0 0.174677 0 0 0.169733 0 0 0.00494412 0 0 4.96051e+18 0 -9.14035e+20 8.59525e+19 1.28847e+16 -1e+21 
-0.122553 0.0425111 -1.0763 1.79488e-07 -0.58091 2.18097 1.11881 4.96051e+18 2.50547e+11 108.05 72.7985 0.00203574 0 0 0.174677 0 0 0.169671 0 0 0.0050068 0 0 4.96051e+18 0 -9.16388e+20 8.35992e+19 1.25319e+16 -1e+21 
-0.118355 0.0425111 -1.0763 1.80317e-07 -0.580176 2.18097 1.11881 4.96051e+18 2.43533e+11 108.05 72.7799 0.00203578 0 0 0.174677 0 0 0.169609 0 0 0.00506852 0 0 4.96051e+18 0 -9.18729e+20 8.12587e+19 1.21811e+16 -1e+21 
-0.114232 0.0425111 -1.0763 1.81132e-07 -0.579424 2.18097 1.11881 4.96051e+18 2.36559e+11 108.05 72.7603 0.00203581 0 0 0.174677 0 0 0.169548 0 0 0.00512929 0 0 4.96051e+18 0 -9.21056e+20 7.89317e+19 1.18323e+16 -1e+21 
-0.110183 0.0425111 -1.0763 1.81931e-07 -0.578656 2.18097 1.11881 4.96051e+18 2.29627e+11 108.05 72.7394 0.00203585 0 0 0.174677 0 0 0.169488 0 0 0.00518911 0 0 4.96051e+18 0 -9.2337e+20 7.66188e+19 1.14856e+16 -1e+21 
-0.106207 0.0425111 -1.0763 1.82715e-07 -0.577868 2.18097 1.11881 4.96051e+18 2.2274e+11 108.05 72.7172 0.00203589 0 0 0.174677 0 0 0.169429 0 0 0.005248 0 0 4.96051e+18 0 -9.25668e+20 7.43208e+19 1.11411e+16 -1e+21 
-0.102302 0.0425111 -1.0763 1.83486e-07 -0.577062 2.18097 1.11881 4.96051e+18 2.15898e+11 108.05 72.6937 0.00203593 0 0 0.174677 0 0 0.169371 0 0 0.00530598 0 0 4.96051e+18 0 -9.27951e+20 7.2038e+19 1.07989e+16 -1e+21 
-0.098468 0.0425111 -1.0763 1.84242e-07 -0.576235 2.18097 1.11881 4.96051e+18 2.09104e+11 108.05 72.6686 0.00203597 0 0 0.174677 0 0 0.169314 0 0 0.00536306 0 0 4.96051e+18 0 -9.30219e+20 6.9771e+19 1.0459e+16 -1e+21 
-0.0947025 0.0425111 -1.0763 1.84984e-07 -0.575388 2.18097 1.11881 4.96051e+18 2.02359e+11 108.05 72.6418 0.00203601 0 0 0.174677 0 0 0.169258 0 0 0.00541925 0 0 4.96051e+18 0 -9.32469e+20 6.75204e+19 1.01216e+16 -1e+21 
-0.0910046 0.0425111 -1.0763 1.85713e-07 -0.574518 2.18097 1.11881 4.96051e+18 1.95664e+11 108.05 72.6131 0.00203606 0 0 0.174677 0 0 0.169203 0 0 0.00547456 0 0 4.96051e+18 0 -9.34704e+20 6.52865e+19 9.78677e+15 -1e+21 
-0.0873731 0.0425111 -1.0763 1.86428e-07 -0.573625 2.18097 1.11881 4.96051e+18 1.8902e+11 108.05 72.5825 0.00203611 0 0 0.174677 0 0 0.169148 0 0 0.00552901 0 0 4.96051e+18 0 -9.36921e+20 6.30697e+19 9.45447e+15 -1e+21 
-0.0838069 0.0425111 -1.0763 1.87131e-07 -0.572707 2.18097 1.11881 4.96051e+18 1.82429e+11 108.05 72.5496 0.00203615 0 0 0.174677 0 0 0.169095 0 0 0.00558261 0 0 4.96051e+18 0 -9.3912e+20 6.08705e+19 9.12479e+15 -1e+21 
-0.0803048 0.0425111 -1.0763 1.8782e-07 -0.571764 2.18097 1.11881 4.96051e+18 1.75891e+11 108.05 72.5143 0.00203621 0 0 0.174677 0 0 0.169042 0 0 0.00563536 0 0 4.96051e+18 0 -9.41302e+20 5.8689e+19 8.79778e+15 -1e+21 
-0.0768656 0.0425111 -1.0763 1.88497e-07 -0.570793 2.18097 1.11881 4.96051e+18 1.69408e+11 108.05 72.4763 0.00203626 0 0 0.174677 0 0 0.16899 0 0 0.00568729 0 0 4.96051e+18 0 -9.43466e+20 5.65257e+19 8.47349e+15 -1e+21 
-0.0734881 0.0425111 -1.0763 1.89162e-07 -0.569793 2.18097 1.11881 4.96051e+18 1.62979e+11 108.05 72.4352 0.00203632 0 0 0.174677 0 0 0.168939 0 0 0.0057384 0 0 4.96051e+18 0 -9.45611e+20 5.43808e+19 8.15196e+15 -1e+21 
-0.0701714 0.0425111 -1.0763 1.89814e-07 -0.568762 2.18097 1.11881 4.96051e+18 1.56607e+11 108.05 72.3907 0.00203638 0 0 0.174677 0 0 0.168889 0 0 0.00578871 0 0 4.96051e+18 0 -9.47738e+20 5.22545e+19 7.83321e+15 -1e+21 
-0.0669143 0.0425111 -1.0763 1.90455e-07 -0.567697 2.18097 1.11881 4.96051e+18 1.50291e+11 108.05 72.3425 0.00203645 0 0 0.174677 0 0 0.168839 0 0 0.00583822 0 0 4.96051e+18 0 -9.49846e+20 5.0147e+19 7.51728e+15 -1e+21 
-0.0637156 0.0425111 -1.0763 1.91083e-07 -0.566598 2.18097 1.11881 4.96051e+18 1.44031e+11 108.05 72.29 0.00203652 0 0 0.174677 0 0 0.16879 0 0 0.00588695 0 0 4.96051e+18 0 -9.51934e+20 4.80584e+19 7.2042e+15 -1e+21 
-0.0605745 0.0425111 -1.0763 1.91701e-07 -0.56546 2.18097 1.11881 4.96051e+18 1.37829e+11 108.05 72.2328 0.00203659 0 0 0.174677 0 0 0.168742 0 0 0.00593491 0 0 4.96051e+18 0 -9.54004e+20 4.59889e+19 6.89397e+15 -1e+21 
-0.0574898 0.0425111 -1.0763 1.92307e-07 -0.564281 2.18097 1.11881 4.96051e+18 1.31684e+11 108.05 72.17 0.00203667 0 0 0.174677 0 0 0.168695 0 0 0.00598211 0 0 4.96051e+18 0 -9.56055e+20 4.39386e+19 6.58661e+15 -1e+21 
-0.0544605 0.0425111 -1.0763 1.92902e-07 -0.563057 2.18097 1.11881 4.96051e+18 1.25597e+11 108.05 72.1011 0.00203676 0 0 0.174677 0 0 0.168649 0 0 0.00602856 0 0 4.96051e+18 0 -9.58086e+20 4.19074e+19 6.28213e+15 -1e+21 
-0.0514856 0.0425111 -1.0763 1.93486e-07 -0.561785 2.18097 1.11881 4.96051e+18 1.19567e+11 108.05 72.025 0.00203687 0 0 0.174677 0 0 0.168603 0 0 0.00607427 0 0 4.96051e+18 0 -9.60099e+20 3.98954e+19 5.98053e+15 -1e+21 
-0.0485642 0.0425111 -1.0763 1.94059e-07 -0.56046 2.18097 1.11881 4.96051e+18 1.13594e+11 108.05 71.9407 0.00203701 0 0 0.174677 0 0 0.168558 0 0 0.00611926 0 0 4.96051e+18 0 -9.62092e+20 3.79027e+19 5.6818e+15 -1e+21 
-0.0456953 0.0425111 -1.0763 1.94622e-07 -0.559078 2.18097 1.11881 4.96051e+18 1.07679e+11 108.05 71.8468 0.00203732 0 0 0.174677 0 0 0.168514 0 0 0.00616353 0 0 4.96051e+18 0 -9.64066e+20 3.5929e+19 5.38593e+15 -1e+21 
-0.0428779 0.0425111 -1.0763 1.95175e-07 -0.557632 2.18097 1.11881 4.96051e+18 1.01821e+11 108.05 71.7418 0.00203846 0 0 0.174677 0 0 0.16847 0 0 0.00620709 0 0 4.96051e+18 0 -9.66021e+20 3.39742e+19 5.0929e+15 -1e+21 
-0.0401112 0.0425111 -1.0763 1.95718e-07 -0.556115 2.18097 1.11881 4.96051e+18 9.60187e+10 108.05 71.6235 0.00204365 0 0 0.174677 0 0 0.168427 0 0 0.00624995 0 0 4.96051e+18 0 -9.67957e+20 3.20382e+19 4.80269e+15 -1e+21 
-0.0373941 0.0425111 -1.0763 1.96251e-07 -0.554519 2.18097 1.11881 4.96051e+18 9.0272e+10 108.05 71.4894 0.00206861 0 0 0.174677 0 0 0.168385 0 0 0.00629213 0 0 4.96051e+18 0 -9.69875e+20 3.01208e+19 4.51525e+15 -1e+21 
-0.0347259 0.0425111 -1.0763 1.96774e-07 -0.552836 2.18097 1.11881 4.96051e+18 8.45798e+10 108.05 71.3364 0.0021877 0 0 0.174677 0 0 0.168344 0 0 0.00633363 0 0 4.96051e+18 0 -9.71774e+20 2.82214e+19 4.23054e+15 -1e+21 
-0.0321056 0.0425111 -1.0763 1.97288e-07 -0.551052 2.18097 1.11881 4.96051e+18 7.89407e+10 108.05 71.1602 0.00274476 0 0 0.174677 0 0 0.168303 0 0 0.00637447 0 0 4.96051e+18 0 -9.73656e+20 2.63399e+19 3.94848e+15 -1e+21 
-0.0295324 0.0425111 -1.0763 1.97792e-07 -0.549154 2.18097 1.11881 4.96051e+18 7.33531e+10 108.05 70.9555 0.00529214 0 0 0.174677 0 0 0.168263 0 0 0.00641465 0 0 4.96051e+18 0 -9.75521e+20 2.44755e+19 3.669e+15 -1e+21 
-0.0270054 0.0425111 -1.0763 1.98287e-07 -0.547125 2.18097 1.11881 4.96051e+18 6.78149e+10 108.05 70.7149 0.0166756 0 0 0.174677 0 0 0.168223 0 0 0.00645418 0 0 4.96051e+18 0 -9.77369e+20 2.26276e+19 3.39199e+15 -1e+21 
-0.0245239 0.0425111 -1.0763 1.98773e-07 -0.544941 2.18097 1.11881 4.96051e+18 6.23233e+10 108.05 70.4285 0.0663889 0 0 0.174677 0 0 0.168184 0 0 0.00649308 0 0 4.96051e+18 0 -9.79202e+20 2.07952e+19 3.11731e+15 -1e+21 
-0.0220869 0.0425111 -1.0763 1.9925e-07 -0.542576 2.18097 1.11881 4.9605e+18 5.68747e+10 108.05 70.0822 0.278607 0 0 0.174677 0 0 0.168146 0 0 0.00653135 0 0 4.96051e+18 0 -9.8102e+20 1.89772e+19 2.84479e+15 -1e+21 
-0.0196937 0.0425112 -1.0763 1.99719e-07 -0.539992 2.18097 1.11881 4.96048e+18 5.14645e+10 108.05 69.6558 1.16435 0 0 0.174677 0 0 0.168108 0 0 0.006569 0 0 4.96052e+18 0 -9.82825e+20 1.7172e+19 2.5742e+15 -1e+21 
-0.0173435 0.0425117 -1.0763 2.00179e-07 -0.537138 2.18097 1.11881 4.9604e+18 4.60863e+10 108.05 69.1185 4.77976 0 0 0.174677 0 0 0.168071 0 0 0.00660604 0 0 4.96056e+18 0 -9.8462e+20 1.53775e+19 2.3053e+15 -1e+21 
-0.0150355 0.0425134 -1.0763 2.0063e-07 -0.533944 2.18097 1.11881 4.96009e+18 4.07324e+10 108.05 68.4217 19.2152 0 0 0.174677 0 0 0.168035 0 0 0.00664248 0 0 4.96073e+18 0 -9.86407e+20 1.3591e+19 2.03788e+15 -1e+21 
-0.012769 0.0425203 -1.07629 2.01074e-07 -0.530305 2.18096 1.11881 4.95884e+18 3.53937e+10 108.05 67.4843 75.6072 0 0 0.174677 0 0 0.167999 0 0 0.00667833 0 0 4.9614e+18 0 -9.88189e+20 1.18097e+19 1.7721e+15 -1e+21 
-0.0105432 0.042547 -1.07627 2.0151e-07 -0.526059 2.18094 1.11881 4.95403e+18 3.00642e+10 108.05 66.1618 291.163 0 0 0.174677 0 0 0.167964 0 0 0.0067136 0 0 4.96398e+18 0 -9.89967e+20 1.00314e+19 1.50958e+15 -1e+21 
-0.00835743 0.0426474 -1.07616 2.01939e-07 -0.520935 2.18083 1.11881 4.93597e+18 2.47545e+10 108.05 64.1802 1097.1 0 0 0.174677 0 0 0.167929 0 0 0.0067483 0 0 4.97369e+18 0 -9.91739e+20 8.25976e+18 1.25642e+15 -1e+21 
-0.00621091 0.0430174 -1.0758 2.02363e-07 -0.514435 2.18047 1.11881 4.86997e+18 1.95288e+10 108.05 60.9935 4038.8 0 0 0.174677 0 0 0.167895 0 0 0.00678244 0 0 5.00947e+18 0 -9.93483e+20 6.51611e+18 1.03068e+15 -1e+21 
-0.00410296 0.044348 -1.07446 2.02793e-07 -0.505545 2.17913 1.11881 4.63937e+18 1.45776e+10 108.05 55.5126 14442.6 0 0 0.174677 0 0 0.167861 0 0 0.00681602 0 0 5.13811e+18 0 -9.95135e+20 4.86406e+18 8.79326e+14 -1e+21 
-0.00203288 0.0489905 -1.06982 2.03263e-07 -0.491896 2.17449 1.11881 3.91313e+18 1.0289e+10 108.05 43.5594 49179.8 0 0 0.174677 0 0 0.167828 0 0 0.00684905 0 0 5.58441e+18 0 -9.96566e+20 3.4331e+18 9.12785e+14 -1e+21 
0 0.0643291 -1.05448 2.03906e-07 -0.460531 2.15915 1.11881 2.20988e+18 5.53536e+09 108.05 35.1011 75452.6 0 0 0.174677 0 0 0.167812 0 0 0.00686528 0 0 6.95966e+18 0 -9.98152e+20 1.84696e+18 8.60086e+14 -1e+21 
0 0.0643291 -1.05448 2.03906e-07 -0.460531 2.15915 1.11881 2.20988e+18 5.53536e+09 1176.79 69.4458 115357 0 0 0.174677 0 0 0.16778 0 0 0.00689776 0 0 0 1e+16 -9.99995e+20 3.69024e+15 8.60086e+14 -1e+21 
0.00202507 0.0876897 -1.03112 2.04022e-07 -0.438382 2.13579 1.11881 9.10343e+17 5.80105e+09 1176.79 79.7392 100945 0 0 0.174677 0 0 0.167763 0 0 0.00691398 0 0 0 1e+16 -9.99996e+20 3.86737e+15 5.60994e+14 -1e+21 
0.00409074 0.105505 -1.01331 2.0429e-07 -0.421623 2.11798 1.11881 4.59676e+17 6.0429e+09 1176.79 97.7836 78740.9 0 0 0.174677 0 0 0.16773 0 0 0.00694707 0 0 0 1e+16 -9.99996e+20 4.0286e+15 2.33837e+14 -1e+21 
0.00619782 0.120484 -0.998329 2.04812e-07 -0.4075 2.103 1.11881 2.58195e+17 6.24618e+09 1176.79 111.138 66718 0 0 0.174677 0 0 0.167697 0 0 0.00698083 0 0 0 1e+16 -9.99996e+20 4.16411e+15 9.32774e+13 -1e+21 
0.00834715 0.133865 -0.984947 2.0574e-07 -0.394794 2.08962 1.11881 1.54074e+17 6.41156e+09 1176.79 120.747 59533.4 0 0 0.174677 0 0 0.167662 0 0 0.00701527 0 0 0 1e+16 -9.99996e+20 4.27437e+15 3.7836e+13 -1e+21 
0.0105396 0.146308 -0.972505 2.07303e-07 -0.382886 2.07717 1.11881 9.52875e+16 6.54561e+09 1176.79 127.625 54966.7 0 0 0.174677 0 0 0.167627 0 0 0.00705039 0 0 0 1e+16 -9.99996e+20 4.36373e+15 1.56689e+13 -1e+21 
0.0127759 0.158193 -0.960619 2.0986e-07 -0.371432 2.06529 1.11881 6.0196e+16 6.6558e+09 1176.79 132.593 51932 0 0 0.174677 0 0 0.167591 0 0 0.00708623 0 0 0 1e+16 -9.99996e+20 4.43719e+15 6.58553e+12 -1e+21 
0.0150571 0.169757 -0.949055 2.13969e-07 -0.360227 2.05373 1.11881 3.84962e+16 6.74873e+09 1176.79 136.246 49838.2 0 0 0.174677 0 0 0.167555 0 0 0.00712277 0 0 0 1e+16 -9.99995e+20 4.49914e+15 2.79086e+12 -1e+21 
0.0173841 0.181151 -0.937661 2.20505e-07 -0.349141 2.04233 1.11881 2.47791e+16 6.82963e+09 1176.79 139.006 48339.7 0 0 0.174677 0 0 0.167517 0 0 0.00716006 0 0 0 1e+16 -9.99995e+20 4.55306e+15 1.18633e+12 -1e+21 
0.0197577 0.192474 -0.926339 2.30848e-07 -0.338093 2.03101 1.11881 1.59929e+16 6.90246e+09 1176.78 141.166 47224.3 0 0 0.174677 0 0 0.167479 0 0 0.00719809 0 0 0 1e+16 -9.99995e+20 4.6016e+15 5.03862e+11 -1e+21 
0.0221788 0.20379 -0.915023 2.47191e-07 -0.327029 2.01969 1.11881 1.03243e+16 6.97012e+09 1176.78 142.925 46357.1 0 0 0.174677 0 0 0.16744 0 0 0.00723688 0 0 0 1e+16 -9.99995e+20 4.64668e+15 2.13242e+11 -1e+21 
0.0246485 0.215143 -0.90367 2.73023e-07 -0.315914 2.00834 1.11881 6.65517e+15 7.03471e+09 1176.78 144.424 45650.8 0 0 0.174677 0 0 0.167401 0 0 0.00727645 0 0 0 1e+16 -9.99995e+20 4.68971e+15 8.97573e+10 -1e+21 
0.0271678 0.226561 -0.892251 3.13931e-07 -0.304726 1.99692 1.11881 4.27904e+15 7.09773e+09 1176.78 145.757 45048.2 0 0 0.174677 0 0 0.167361 0 0 0.00731682 0 0 0 1e+16 -9.99995e+20 4.73167e+15 3.75275e+10 -1e+21 
0.0297375 0.238065 -0.880748 3.78898e-07 -0.29345 1.98542 1.11881 2.74227e+15 7.16026e+09 1176.77 146.99 44511.2 0 0 0.174677 0 0 0.167319 0 0 0.00735799 0 0 0 1e+16 -9.99995e+20 4.77327e+15 1.55723e+10 -1e+21 
0.0323588 0.249665 -0.869148 4.82431e-07 -0.282075 1.97382 1.11881 1.75085e+15 7.22307e+09 1176.77 148.167 44014.8 0 0 0.174677 0 0 0.167277 0 0 0.00739999 0 0 0 1e+16 -9.99995e+20 4.815e+15 6.40989e+09 -1e+21 
0.0350326 0.261368 -0.857444 6.4806e-07 -0.270599 1.96211 1.11881 1.11338e+15 7.28671e+09 1176.75 149.32 43542 0 0 0.174677 0 0 0.167235 0 0 0.00744282 0 0 0 1e+16 -9.99995e+20 4.85721e+15 2.61649e+09 -1e+21 
0.03776 0.27318 -0.845632 9.14109e-07 -0.259016 1.9503 1.11881 7.0505e+14 7.35159e+09 1176.73 150.47 43081.8 0 0 0.174677 0 0 0.167191 0 0 0.00748651 0 0 0 1e+16 -9.99995e+20 4.90011e+15 1.059e+09 -1e+21 
0.0405421 0.285102 -0.833711 1.34326e-06 -0.247327 1.93838 1.11881 4.44584e+14 7.41802e+09 1176.69 151.631 42626.8 0 0 0.174677 0 0 0.167146 0 0 0.00753108 0 0 0 1e+16 -9.99995e+20 4.94382e+15 4.24984e+08 -1e+21 
0.0433799 0.297134 -0.821679 2.03847e-06 -0.235532 1.92635 1.11881 2.79152e+14 7.48625e+09 1176.63 152.815 42172 0 0 0.174677 0 0 0.167101 0 0 0.00757653 0 0 0 1e+16 -9.99995e+20 4.98838e+15 1.69113e+08 -1e+21 
0.0462747 0.309275 -0.809538 3.16947e-06 -0.223632 1.91421 1.11881 1.74541e+14 7.55649e+09 1176.52 154.029 41714.2 0 0 0.174677 0 0 0.167054 0 0 0.0076229 0 0 0 1e+16 -9.99995e+20 5.03371e+15 6.6737e+07 -1e+21 
0.0492275 0.321523 -0.797289 5.01723e-06 -0.21163 1.90196 1.11881 1.08682e+14 7.62892e+09 1176.34 155.279 41251 0 0 0.174677 0 0 0.167007 0 0 0.00767021 0 0 0 1e+16 -9.99995e+20 5.07955e+15 2.61229e+07 -1e+21 
0.0522395 0.333877 -0.784935 8.04856e-06 -0.199528 1.88961 1.11881 6.74022e+13 7.70371e+09 1176.03 156.569 40781.1 0 0 0.174677 0 0 0.166959 0 0 0.00771848 0 0 0 1e+16 -9.99995e+20 5.1254e+15 1.01448e+07 -1e+21 
0.0553119 0.346333 -0.772479 1.3042e-05 -0.18733 1.87715 1.11881 4.16396e+13 7.78102e+09 1175.5 157.904 40303.4 0 0 0.174677 0 0 0.16691 0 0 0.00776773 0 0 0 1e+16 -9.99995e+20 5.17035e+15 3.90976e+06 -1e+21 
0.0584458 0.358888 -0.759924 2.13008e-05 -0.17504 1.86459 1.11881 2.56293e+13 7.861e+09 1174.58 159.285 39817 0 0 0.174677 0 0 0.166859 0 0 0.00781799 0 0 0 1e+16 -9.99995e+20 5.21282e+15 1.49585e+06 -1e+21 
0.0616426 0.371538 -0.747275 3.50153e-05 -0.162661 1.85194 1.11881 1.57205e+13 7.94377e+09 1173 160.718 39321.6 0 0 0.174677 0 0 0.166808 0 0 0.00786924 0 0 0 1e+16 -9.99995e+20 5.25011e+15 568359 -1e+21 
0.0649035 0.384277 -0.734535 5.78817e-05 -0.150199 1.8392 1.11881 9.6123e+12 8.02949e+09 1170.25 162.204 38816.6 0 0 0.174677 0 0 0.166756 0 0 0.00792148 0 0 0 1e+16 -9.99995e+20 5.27773e+15 214567 -1e+21 
0.0682298 0.397103 -0.721709 9.61697e-05 -0.137657 1.82638 1.11881 5.86147e+12 8.11833e+09 1165.47 163.748 38301.8 0 0 0.174677 0 0 0.166703 0 0 0.0079747 0 0 0 1e+16 -9.99995e+20 5.28833e+15 80533.5 -1e+21 
0.0716227 0.41001 -0.708803 0.000160582 -0.125043 1.81347 1.11881 3.56672e+12 8.21055e+09 1157.16 165.356 37776.8 0 0 0.174677 0 0 0.166648 0 0 0.00802896 0 0 0 1e+16 -9.99995e+20 5.27019e+15 30076.2 -1e+21 
0.0750837 0.422992 -0.695821 0.000269561 -0.112361 1.80049 1.11881 2.16778e+12 8.30647e+09 1142.7 167.03 37241.4 0 0 0.174677 0 0 0.166593 0 0 0.00808434 0 0 0 1e+16 -9.99995e+20 5.20529e+15 11190 -1e+21 
0.0786141 0.436043 -0.68277 0.000455344 -0.0996193 1.78744 1.11881 1.31791e+12 8.4064e+09 1117.58 168.773 36695.3 0 0 0.174677 0 0 0.166536 0 0 0.00814097 0 0 0 1e+16 -9.99995e+20 5.06767e+15 4155.44 -1e+21 
0.0822152 0.449157 -0.669655 0.00077563 -0.0868233 1.77433 1.11881 8.0345e+11 8.51051e+09 1074.21 170.586 36138.3 0 0 0.174677 0 0 0.166479 0 0 0.00819887 0 0 0 1e+16 -9.99995e+20 4.82445e+15 1545.2 -1e+21 
0.0858886 0.462327 -0.656485 0.00133788 -0.0739806 1.76115 1.11881 4.93345e+11 8.6191e+09 1000.41 172.508 35570.1 0 0 0.174678 0 0 0.16642 0 0 0.00825783 0 0 0 1e+16 -9.99996e+20 4.4442e+15 578.899 -1e+21 
0.0896355 0.475547 -0.643266 0.00235621 -0.061106 1.74794 1.11881 3.07738e+11 8.73486e+09 878.709 174.743 34990.6 0 0 0.174677 0 0 0.16636 0 0 0.00831765 0 0 0 1e+16 -9.99996e+20 3.91886e+15 221.498 -1e+21 
0.0934576 0.488808 -0.630005 0.00430671 -0.0482525 1.73467 1.11881 1.9869e+11 8.87356e+09 693.648 178.341 34399.4 0 0 0.174676 0 0 0.166297 0 0 0.00837874 0 0 0 1e+16 -9.99997e+20 3.30125e+15 89.6869 -1e+21 
0.0973564 0.502102 -0.616711 0.00840761 -0.0356636 1.72138 1.11881 1.39233e+11 9.11883e+09 471.383 187.589 33796.5 0 0 0.174662 0 0 0.166221 0 0 0.00844134 0 0 0 1e+16 -9.99997e+20 2.76144e+15 42.9185 -1e+21 
0.101333 0.51542 -0.603393 0.0173586 -0.0242376 1.70806 1.11881 1.17592e+11 9.81129e+09 313.057 211.278 33181.4 0 0 0.174726 0 0 0.166221 0 0 0.0085051 0 0 0 1e+16 -9.99997e+20 2.65823e+15 32.4032 -1e+21 
0.10539 0.528753 -0.59006 0.0307412 -0.0154189 1.69473 1.11881 1.17817e+11 1.16833e+10 269.404 253.439 32554 0 0 0.174669 0 0 0.166099 0 0 0.00857006 0 0 0 1e+16 -9.99997e+20 3.21019e+15 40.5198 -1e+21 
0.109528 0.542091 -0.576721 0.0441243 -0.00957995 1.68139 1.11881 1.18021e+11 1.56153e+10 273.269 303.769 31914 0 0 0.17455 0 0 0.165913 0 0 0.00863636 0 0 0 1e+16 -9.99996e+20 4.27784e+15 57.7639 -1e+21 
0.113749 0.555424 -0.563388 0.0575635 -0.00595621 1.66806 1.11881 1.18508e+11 2.27329e+10 276.987 347.532 31261.2 0 0 0.174706 0 0 0.166002 0 0 0.00870398 0 0 0 1e+16 -9.99994e+20 5.96173e+15 90.4099 -1e+21 
0.118054 0.56874 -0.550072 0.0710263 -0.00373217 1.65474 1.11881 1.19182e+11 3.49136e+10 281.953 378.566 30595.3 0 0 0.174805 0 0 0.166032 0 0 0.00877296 0 0 0 1e+16 -9.99992e+20 8.27275e+15 149.946 -1e+21 
0.122446 0.582028 -0.536784 0.0844007 -0.00236347 1.64145 1.11881 1.19581e+11 5.5364e+10 287.456 398.191 29916.1 0 0 0.174701 0 0 0.165857 0 0 0.00884333 0 0 0 1e+16 -9.99989e+20 1.10561e+16 257.951 -1e+21 
0.126926 0.595275 -0.523538 0.0977415 -0.00151801 1.62821 1.11881 1.20017e+11 8.94462e+10 292.537 409.841 29223.2 0 0 0.174623 0 0 0.165708 0 0 0.0089151 0 0 0 1e+16 -9.99986e+20 1.40244e+16 462.186 -1e+21 
0.131496 0.608468 -0.510345 0.111053 -0.00099431 1.61501 1.11881 1.20568e+11 1.46013e+11 297.849 416.514 28516.5 0 0 0.174621 0 0 0.165633 0 0 0.00898832 0 0 0 1e+16 -9.99983e+20 1.68242e+16 868.245 -1e+21 
0.136157 0.621592 -0.49722 0.124311 -0.000669169 1.60189 1.11881 1.21196e+11 2.39557e+11 303.599 420.26 27795.5 0 0 0.174655 0 0 0.165592 0 0 0.009063 0 0 0 1e+16 -9.99981e+20 1.91847e+16 1721.61 -1e+21 
0.140912 0.634633 -0.484179 0.137499 -0.000466817 1.58885 1.11881 1.21882e+11 3.93635e+11 309.781 422.34 27060.2 0 0 0.17469 0 0 0.165551 0 0 0.00913918 0 0 0 1e+16 -9.99979e+20 2.10083e+16 3619.72 -1e+21 
0.145762 0.647576 -0.471237 0.150595 -0.000340514 1.57591 1.11881 1.2261e+11 6.46244e+11 316.4 423.489 26310.1 0 0 0.174705 0 0 0.165488 0 0 0.00921688 0 0 0 1e+16 -9.99978e+20 2.23375e+16 8057.77 -1e+21 
0.150709 0.660403 -0.458409 0.163583 -0.000261391 1.56308 1.11881 1.23375e+11 1.05817e+12 323.424 424.123 25545 0 0 0.174698 0 0 0.165401 0 0 0.00929614 0 0 0 1e+16 -9.99977e+20 2.32813e+16 18839 -1e+21 
0.155756 0.673097 -0.445715 0.176449 -0.000211603 1.55038 1.11881 1.24195e+11 1.72574e+12 330.849 424.472 24764.6 0 0 0.174684 0 0 0.165307 0 0 0.009377 0 0 0 1e+16 -9.99976e+20 2.39571e+16 45693.4 -1e+21 
0.160903 0.685641 -0.433172 0.189178 -0.000180109 1.53784 1.11881 1.2509e+11 2.80003e+12 338.725 424.666 23968.7 0 0 0.174674 0 0 0.165214 0 0 0.00945947 0 0 0 1e+16 -9.99976e+20 2.44611e+16 113450 -1e+21 
0.166154 0.698013 -0.420799 0.201753 -0.000160064 1.52547 1.11881 1.26073e+11 4.51517e+12 347.122 424.774 23156.8 0 0 0.174671 0 0 0.165127 0 0 0.0095436 0 0 0 1e+16 -9.99975e+20 2.48621e+16 284916 -1e+21 
0.17151 0.710195 -0.408618 0.214155 -0.000147217 1.51329 1.11881 1.27154e+11 7.22932e+12 356.102 424.834 22328.9 0 0 0.174671 0 0 0.165042 0 0 0.00962941 0 0 0 9.99999e+15 -9.99975e+20 2.52065e+16 716868 -1e+21 
0.176974 0.722163 -0.396649 0.226364 -0.000138919 1.50132 1.11881 1.28342e+11 1.14822e+13 365.721 424.868 21484.7 0 0 0.174674 0 0 0.164957 0 0 0.00971694 0 0 0 9.99999e+15 -9.99974e+20 2.55247e+16 1.79402e+06 -1e+21 
0.182547 0.733897 -0.384915 0.23836 -0.000133511 1.48959 1.11881 1.29652e+11 1.80739e+13 376.037 424.888 20624.1 0 0 0.174676 0 0 0.164869 0 0 0.00980623 0 0 0 9.99998e+15 -9.99974e+20 2.58374e+16 4.44154e+06 -1e+21 
0.188232 0.745372 -0.37344 0.250122 -0.000129953 1.47811 1.11881 1.31099e+11 2.81684e+13 387.115 424.899 19746.9 0 0 0.174677 0 0 0.16478 0 0 0.00989731 0 0 0 9.99997e+15 -9.99974e+20 2.6159e+16 1.08331e+07 -1e+21 
0.194031 0.756564 -0.362249 0.261628 -0.000127586 1.46692 1.11881 1.32704e+11 4.34241e+13 399.025 424.905 18853.3 0 0 0.174678 0 0 0.164688 0 0 0.00999021 0 0 0 9.99996e+15 -9.99973e+20 2.65007e+16 2.59448e+07 -1e+21 
0.199946 0.767446 -0.351366 0.272856 -0.000125994 1.45604 1.11881 1.34492e+11 6.61485e+13 411.848 424.909 17943.4 0 0 0.174678 0 0 0.164593 0 0 0.010085 0 0 0 9.99993e+15 -9.99973e+20 2.68715e+16 6.08418e+07 -1e+21 
0.205979 0.777993 -0.34082 0.283785 -0.00012491 1.44549 1.11881 1.36491e+11 9.94669e+13 425.668 424.911 17018 0 0 0.174678 0 0 0.164497 0 0 0.0101816 0 0 0 9.9999e+15 -9.99973e+20 2.72799e+16 1.39356e+08 -1e+21 
0.212134 0.788177 -0.330636 0.29439 -0.000124161 1.43531 1.11881 1.38735e+11 1.47485e+14 440.575 424.913 16077.9 0 0 0.174678 0 0 0.164398 0 0 0.0102803 0 0 0 9.99985e+15 -9.99972e+20 2.77343e+16 3.11043e+08 -1e+21 
0.218412 0.79797 -0.320842 0.30465 -0.000123636 1.42551 1.11881 1.41264e+11 2.15407e+14 456.659 424.913 15124.6 0 0 0.174678 0 0 0.164297 0 0 0.0103808 0 0 0 9.99978e+15 -9.99972e+20 2.82439e+16 6.75063e+08 -1e+21 
0.224816 0.807345 -0.311467 0.314544 -0.000123262 1.41614 1.11881 1.44126e+11 3.09563e+14 474.009 424.914 14160.2 0 0 0.174678 0 0 0.164194 0 0 0.0104834 0 0 0 9.99969e+15 -9.99971e+20 2.88187e+16 1.42168e+09 -1e+21 
0.231348 0.816275 -0.302537 0.32405 -0.000122991 1.40721 1.11881 1.47374e+11 4.37282e+14 492.704 424.914 13187.7 0 0 0.174677 0 0 0.164089 0 0 0.0105881 0 0 0 9.99956e+15 -9.99971e+20 2.947e+16 2.89967e+09 -1e+21 
0.238011 0.824734 -0.294078 0.33315 -0.000122792 1.39875 1.11881 1.51073e+11 6.06541e+14 512.809 424.914 12211 0 0 0.174677 0 0 0.163983 0 0 0.0106948 0 0 0 9.99939e+15 -9.9997e+20 3.0211e+16 5.71747e+09 -1e+21 
0.244808 0.832698 -0.286114 0.341826 -0.000122642 1.39078 1.11881 1.55295e+11 8.25364e+14 534.361 424.914 11235.1 0 0 0.174677 0 0 0.163874 0 0 0.0108037 0 0 0 9.99917e+15 -9.99969e+20 3.10563e+16 1.08811e+10 -1e+21 
0.251741 0.840146 -0.278666 0.350066 -0.000122527 1.38334 1.11881 1.60123e+11 1.10095e+15 557.365 424.915 10266.2 0 0 0.174677 0 0 0.163762 0 0 0.0109148 0 0 0 9.9989e+15 -9.99968e+20 3.20225e+16 1.99601e+10 -1e+21 
0.258813 0.847062 -0.27175 0.35786 -0.000122437 1.37642 1.11881 1.6565e+11 1.43864e+15 581.776 424.915 9311.45 0 0 0.174677 0 0 0.163649 0 0 0.0110281 0 0 0 9.99856e+15 -9.99967e+20 3.31283e+16 3.52557e+10 -1e+21 
0.266027 0.853435 -0.265377 0.365201 -0.000122366 1.37005 1.11881 1.71976e+11 1.84079e+15 607.497 424.915 8378.87 0 0 0.174677 0 0 0.163534 0 0 0.0111437 0 0 0 9.99816e+15 -9.99966e+20 3.43938e+16 5.99218e+10 -1e+21 
0.273385 0.859259 -0.259553 0.37209 -0.000122307 1.36422 1.11881 1.79209e+11 2.3059e+15 634.366 424.915 7477 0 0 0.174677 0 0 0.163416 0 0 0.0112616 0 0 0 9.9977e+15 -9.99964e+20 3.58406e+16 9.79784e+10 -1e+21 
0.280891 0.864536 -0.254276 0.378531 -0.000122259 1.35895 1.11881 1.87463e+11 2.82807e+15 662.161 424.915 6614.4 0 0 0.174677 0 0 0.163295 0 0 0.0113818 0 0 0 9.99717e+15 -9.99963e+20 3.74915e+16 1.54159e+11 -1e+21 
0.288548 0.869275 -0.249537 0.384534 -0.000122217 1.35421 1.11881 1.96853e+11 3.39706e+15 690.605 424.915 5799.18 0 0 0.174677 0 0 0.163173 0 0 0.0115045 0 0 0 9.9966e+15 -9.99961e+20 3.93697e+16 2.33568e+11 -1e+21 
0.296357 0.873493 -0.245319 0.390113 -0.000122181 1.34999 1.11881 2.07494e+11 3.99905e+15 719.375 424.915 5038.4 0 0 0.174677 0 0 0.163048 0 0 0.0116296 0 0 0 9.996e+15 -9.99959e+20 4.14978e+16 3.41174e+11 -1e+21 
0.304324 0.877213 -0.2416 0.395286 -0.00012215 1.34627 1.11881 2.19493e+11 4.61785e+15 748.125 424.915 4337.66 0 0 0.174677 0 0 0.16292 0 0 0.0117572 0 0 0 9.99539e+15 -9.99956e+20 4.38978e+16 4.8123e+11 -1e+21 
0.31245 0.880463 -0.238349 0.400075 -0.000122121 1.34302 1.11881 2.32953e+11 5.23648e+15 776.505 424.915 3700.7 0 0 0.174677 0 0 0.16279 0 0 0.0118874 0 0 0 9.99477e+15 -9.99953e+20 4.65898e+16 6.56742e+11 -1e+21 
0.320739 0.883278 -0.235535 0.404503 -0.000122095 1.3402 1.11881 2.4796e+11 5.83878e+15 804.184 424.915 3129.3 0 0 0.174677 0 0 0.162657 0 0 0.0120202 0 0 0 9.99417e+15 -9.9995e+20 4.95912e+16 8.69105e+11 -1e+21 
0.329195 0.885694 -0.233119 0.408598 -0.00012207 1.33779 1.11881 2.64588e+11 6.41077e+15 830.87 424.915 2623.31 0 0 0.174677 0 0 0.162522 0 0 0.0121557 0 0 0 9.99359e+15 -9.99947e+20 5.29167e+16 1.11798e+12 -1e+21 
0.337819 0.88775 -0.231062 0.412383 -0.000122047 1.33573 1.11881 2.82889e+11 6.94153e+15 856.321 424.915 2180.79 0 0 0.174677 0 0 0.162383 0 0 0.0122939 0 0 0 9.99306e+15 -9.99943e+20 5.6577e+16 1.40142e+12 -1e+21 
0.346617 0.889486 -0.229326 0.415886 -0.000122025 1.334 1.11881 3.029e+11 7.42362e+15 880.357 424.915 1798.38 0 0 0.174677 0 0 0.162243 0 0 0.0124348 0 0 0 9.99258e+15 -9.99939e+20 6.05791e+16 1.71623e+12 -1e+21 
0.355591 0.89094 -0.227872 0.419131 -0.000122003 1.33254 1.11881 3.24636e+11 7.85305e+15 902.859 424.915 1471.61 0 0 0.174677 0 0 0.162099 0 0 0.0125786 0 0 0 9.99215e+15 -9.99935e+20 6.49263e+16 2.05834e+12 -1e+21 
0.364745 0.892149 -0.226664 0.422143 -0.000121982 1.33133 1.11881 3.48094e+11 8.22884e+15 923.765 424.915 1195.35 0 0 0.174677 0 0 0.161952 0 0 0.0127253 0 0 0 9.99178e+15 -9.9993e+20 6.96176e+16 2.42336e+12 -1e+21 
0.374083 0.893146 -0.225667 0.424945 -0.000121961 1.33034 1.11881 3.7325e+11 8.55245e+15 943.062 424.915 964.091 0 0 0.174677 0 0 0.161802 0 0 0.0128748 0 0 0 9.99146e+15 -9.99925e+20 7.46488e+16 2.8069e+12 -1e+21 
0.383608 0.893963 -0.224849 0.427556 -0.00012194 1.32952 1.11881 4.00068e+11 8.82713e+15 960.782 424.915 772.307 0 0 0.174677 0 0 0.16165 0 0 0.0130274 0 0 0 9.99118e+15 -9.9992e+20 8.00123e+16 3.20495e+12 -1e+21 
0.393323 0.894628 -0.224184 0.429996 -0.000121919 1.32885 1.11881 4.28496e+11 9.05724e+15 976.984 424.915 614.637 0 0 0.174677 0 0 0.161494 0 0 0.0131831 0 0 0 9.99095e+15 -9.99914e+20 8.56978e+16 3.61401e+12 -1e+21 
0.403234 0.895167 -0.223646 0.432282 -0.000121898 1.32832 1.11881 4.58474e+11 9.24775e+15 991.753 424.915 486.069 0 0 0.174677 0 0 0.161335 0 0 0.0133419 0 0 0 9.99076e+15 -9.99908e+20 9.16932e+16 4.03125e+12 -1e+21 
0.413343 0.895599 -0.223213 0.43443 -0.000121877 1.32788 1.11881 4.89932e+11 9.40379e+15 1005.18 424.915 382.037 0 0 0.174677 0 0 0.161174 0 0 0.0135038 0 0 0 9.99061e+15 -9.99902e+20 9.79845e+16 4.45449e+12 -1e+21 
0.423655 0.895945 -0.222867 0.436454 -0.000121855 1.32754 1.11881 5.22796e+11 9.53035e+15 1017.38 424.915 298.472 0 0 0.174677 0 0 0.161008 0 0 0.013669 0 0 0 9.99048e+15 -9.99895e+20 1.04557e+17 4.88214e+12 -1e+21 
0.434173 0.89622 -0.222593 0.438367 -0.000121833 1.32726 1.11881 5.56992e+11 9.63209e+15 1028.45 424.915 231.814 0 0 0.174677 0 0 0.16084 0 0 0.0138375 0 0 0 9.99038e+15 -9.99889e+20 1.11396e+17 5.31317e+12 -1e+21 
0.444903 0.896436 -0.222376 0.440179 -0.00012181 1.32705 1.11881 5.92446e+11 9.71318e+15 1038.49 424.915 178.998 0 0 0.174677 0 0 0.160668 0 0 0.0140094 0 0 0 9.9903e+15 -9.99882e+20 1.18487e+17 5.74697e+12 -1e+21 
0.455847 0.896606 -0.222206 0.4419 -0.000121787 1.32688 1.11881 6.29085e+11 9.77732e+15 1047.61 424.915 137.421 0 0 0.174677 0 0 0.160493 0 0 0.0141847 0 0 0 9.99023e+15 -9.99874e+20 1.25814e+17 6.18331e+12 -1e+21 
0.467011 0.896739 -0.222073 0.44354 -0.000121763 1.32674 1.11881 6.66844e+11 9.82767e+15 1055.9 424.915 104.899 0 0 0.174677 0 0 0.160314 0 0 0.0143636 0 0 0 9.99018e+15 -9.99867e+20 1.33366e+17 6.62219e+12 -1e+21 
0.478399 0.896842 -0.22197 0.445106 -0.000121739 1.32664 1.11881 7.05661e+11 9.86693e+15 1063.44 424.915 79.6169 0 0 0.174677 0 0 0.160131 0 0 0.014546 0 0 0 9.99014e+15 -9.99859e+20 1.41129e+17 7.06384e+12 -1e+21 
0.490015 0.896922 -0.22189 0.446605 -0.000121713 1.32656 1.11881 7.45481e+11 9.89733e+15 1070.31 424.915 60.0843 0 0 0.174677 0 0 0.159945 0 0 0.0147321 0 0 0 9.99011e+15 -9.99851e+20 1.49093e+17 7.50858e+12 -1e+21 
0.501864 0.896983 -0.221829 0.448042 -0.000121687 1.3265 1.11881 7.86258e+11 9.92071e+15 1076.58 424.915 45.0856 0 0 0.174677 0 0 0.159755 0 0 0.0149219 0 0 0 9.99009e+15 -9.99843e+20 1.57247e+17 7.95684e+12 -1e+21 
0.513951 0.89703 -0.221783 0.449425 -0.00012166 1.32645 1.11881 8.2795e+11 9.93859e+15 1082.32 424.915 33.6387 0 0 0.174677 0 0 0.159562 0 0 0.0151155 0 0 0 9.99007e+15 -9.99834e+20 1.65586e+17 8.40908e+12 -1e+21 
0.52628 0.897065 -0.221748 0.450756 -0.000121633 1.32642 1.11881 8.70526e+11 9.95217e+15 1087.57 424.915 24.9558 0 0 0.174677 0 0 0.159364 0 0 0.015313 0 0 0 9.99006e+15 -9.99826e+20 1.741e+17 8.86578e+12 -1e+21 
0.538856 0.897092 -0.221721 0.452042 -0.000121604 1.32639 1.11881 9.13958e+11 9.96242e+15 1092.4 424.915 18.4101 0 0 0.174677 0 0 0.159163 0 0 0.0155145 0 0 0 9.99005e+15 -9.99817e+20 1.82786e+17 9.3274e+12 -1e+21 
0.551684 0.897112 -0.221701 0.453284 -0.000121575 1.32637 1.11881 9.58227e+11 9.97011e+15 1096.85 424.915 13.5062 0 0 0.174677 0 0 0.158957 0 0 0.01572 0 0 0 9.99004e+15 -9.99808e+20 1.91639e+17 9.79442e+12 -1e+21 
0.564769 0.897126 -0.221686 0.454488 -0.000121544 1.32636 1.11881 1.00332e+12 9.97585e+15 1100.95 424.915 9.85529 0 0 0.174677 0 0 0.158748 0 0 0.0159296 0 0 0 9.99004e+15 -9.99799e+20 2.00657e+17 1.02673e+13 -1e+21 
0.578117 0.897137 -0.221675 0.455656 -0.000121512 1.32634 1.11881 1.04922e+12 9.98011e+15 1104.74 424.915 7.15457 0 0 0.174677 0 0 0.158534 0 0 0.0161434 0 0 0 9.99003e+15 -9.9979e+20 2.09838e+17 1.07463e+13 -1e+21 
0.591732 0.897146 -0.221667 0.45679 -0.00012148 1.32634 1.11881 1.09594e+12 9.98325e+15 1108.26 424.915 5.16963 0 0 0.174677 0 0 0.158316 0 0 0.0163615 0 0 0 9.99003e+15 -9.99781e+20 2.1918e+17 1.1232e+13 -1e+21 
0.60562 0.897152 -0.221661 0.457894 -0.000121446 1.32633 1.11881 1.14346e+12 9.98555e+15 1111.52 424.915 3.72033 0 0 0.174677 0 0 0.158093 0 0 0.0165839 0 0 0 9.99003e+15 -9.99771e+20 2.28684e+17 1.17246e+13 -1e+21 
0.619787 0.897156 -0.221656 0.458968 -0.000121411 1.32633 1.11881 1.1918e+12 9.98724e+15 1114.56 424.915 2.66919 0 0 0.174677 0 0 0.157866 0 0 0.0168109 0 0 0 9.99002e+15 -9.99762e+20 2.38351e+17 1.22246e+13 -1e+21 
0.634238 0.897159 -0.221653 0.460016 -0.000121376 1.32632 1.11881 1.24096e+12 9.98847e+15 1117.4 424.915 1.912 0 0 0.174677 0 0 0.157635 0 0 0.0170423 0 0 0 9.99002e+15 -9.99752e+20 2.48182e+17 1.27321e+13 -1e+21 
0.648978 0.897162 -0.221651 0.46104 -0.000121338 1.32632 1.11881 1.29094e+12 9.98936e+15 1120.04 424.915 1.37032 0 0 0.174677 0 0 0.157399 0 0 0.0172784 0 0 0 9.99002e+15 -9.99742e+20 2.58178e+17 1.32475e+13 -1e+21 
0.664014 0.897163 -0.221649 0.46204 -0.0001213 1.32632 1.11881 1.34177e+12 9.99001e+15 1122.52 424.915 0.98556 0 0 0.174677 0 0 0.157158 0 0 0.0175193 0 0 0 9.99002e+15 -9.99732e+20 2.68342e+17 1.3771e+13 -1e+21 
0.679351 0.897165 -0.221648 0.463018 -0.00012126 1.32632 1.11881 1.39344e+12 9.99048e+15 1124.85 424.915 0.714218 0 0 0.174677 0 0 0.156912 0 0 0.0177649 0 0 0 9.99002e+15 -9.99721e+20 2.78676e+17 1.43029e+13 -1e+21 
0.694996 0.897166 -0.221647 0.463976 -0.000121219 1.32632 1.11881 1.44598e+12 9.99083e+15 1127.03 424.915 0.52427 0 0 0.174677 0 0 0.156662 0 0 0.0180155 0 0 0 9.99002e+15 -9.99711e+20 2.89183e+17 1.48434e+13 -1e+21 
0.710955 0.897166 -0.221646 0.464914 -0.000121176 1.32632 1.11881 1.4994e+12 9.99109e+15 1129.08 424.915 0.392301 0 0 0.174677 0 0 0.156406 0 0 0.0182711 0 0 0 9.99002e+15 -9.997e+20 2.99865e+17 1.53928e+13 -1e+21 
0.727233 0.897167 -0.221646 0.465834 -0.000121132 1.32632 1.11881 1.55371e+12 9.99128e+15 1131.02 424.915 0.301323 0 0 0.174677 0 0 0.156145 0 0 0.0185319 0 0 0 9.99002e+15 -9.99689e+20 3.10726e+17 1.59512e+13 -1e+21 
0.743838 0.897167 -0.221645 0.466738 -0.000121087 1.32632 1.11881 1.60893e+12 9.99143e+15 1132.84 424.915 0.239102 0 0 0.174677 0 0 0.15588 0 0 0.0187978 0 0 0 9.99002e+15 -9.99678e+20 3.21769e+17 1.65189e+13 -1e+21 
0.760776 0.897168 -0.221645 0.467625 -0.00012104 1.32631 1.11881 1.66507e+12 9.99156e+15 1134.57 424.915 0.196901 0 0 0.174677 0 0 0.155608 0 0 0.0190691 0 0 0 9.99002e+15 -9.99667e+20 3.32997e+17 1.70961e+13 -1e+21 
0.778053 0.897168 -0.221644 0.468497 -0.000120991 1.32631 1.11881 1.72217e+12 9.99166e+15 1136.2 424.915 0.168528 0 0 0.174677 0 0 0.155332 0 0 0.0193458 0 0 0 9.99002e+15 -9.99656e+20 3.44414e+17 1.76829e+13 -1e+21 
0.795676 0.897168 -0.221644 0.469354 -0.00012094 1.32631 1.11881 1.78022e+12 9.99175e+15 1137.75 424.915 0.149627 0 0 0.174677 0 0 0.155049 0 0 0.0196281 0 0 0 9.99002e+15 -9.99644e+20 3.56024e+17 1.82796e+13 -1e+21 
0.813653 0.897168 -0.221644 0.470198 -0.000120888 1.32631 1.11881 1.83925e+12 9.99182e+15 1139.22 424.915 0.137165 0 0 0.174677 0 0 0.154761 0 0 0.019916 0 0 0 9.99002e+15 -9.99632e+20 3.67828e+17 1.88863e+13 -1e+21 
0.831991 0.897169 -0.221644 0.471028 -0.000120834 1.32631 1.11881 1.89927e+12 9.9919e+15 1140.61 424.915 0.129042 0 0 0.174677 0 0 0.154468 0 0 0.0202097 0 0 0 9.99002e+15 -9.9962e+20 3.79832e+17 1.95033e+13 -1e+21 
0.850696 0.897169 -0.221643 0.471846 -0.000120778 1.32631 1.11881 1.96031e+12 9.99197e+15 1141.93 424.915 0.123821 0 0 0.174677 0 0 0.154168 0 0 0.0205092 0 0 0 9.99002e+15 -9.99608e+20 3.92039e+17 2.01307e+13 -1e+21 
0.869776 0.897169 -0.221643 0.472652 -0.00012072 1.32631 1.11881 2.02238e+12 9.99203e+15 1143.2 424.915 0.120523 0 0 0.174677 0 0 0.153863 0 0 0.0208148 0 0 0 9.99002e+15 -9.99596e+20 4.04451e+17 2.07688e+13 -1e+21 
0.889238 0.897169 -0.221643 0.473447 -0.00012066 1.32631 1.11881 2.0855e+12 9.9921e+15 1144.4 424.915 0.118491 0 0 0.174677 0 0 0.153551 0 0 0.0211265 0 0 0 9.99002e+15 -9.99583e+20 4.17074e+17 2.14177e+13 -1e+21 
0.909091 0.89717 -0.221643 0.474231 -0.000120598 1.32631 1.11881 2.14969e+12 9.99217e+15 1145.54 424.915 0.117286 0 0 0.174677 0 0 0.153233 0 0 0.0214445 0 0 0 9.99002e+15 -9.9957e+20 4.2991e+17 2.20776e+13 -1e+21 
0.929342 0.89717 -0.221643 0.475004 -0.000120534 1.32631 1.11881 2.21497e+12 9.99223e+15 1146.63 424.915 0.116616 0 0 0.174677 0 0 0.152909 0 0 0.0217688 0 0 0 9.99002e+15 -9.99557e+20 4.42963e+17 2.27487e+13 -1e+21 
0.949998 0.89717 -0.221642 0.475768 -0.000120467 1.32631 1.11881 2.28134e+12 9.9923e+15 1147.68 424.915 0.116292 0 0 0.174677 0 0 0.152578 0 0 0.0220996 0 0 0 9.99002e+15 -9.99544e+20 4.56237e+17 2.34311e+13 -1e+21 
0.971069 0.89717 -0.221642 0.476522 -0.000120398 1.32631 1.11881 2.34884e+12 9.99237e+15 1148.67 424.915 0.116189 0 0 0.174677 0 0 0.15224 0 0 0.022437 0 0 0 9.99002e+15 -9.9953e+20 4.69735e+17 2.41252e+13 -1e+21 
0.992562 0.897171 -0.221642 0.477267 -0.000120327 1.32631 1.11881 2.41749e+12 9.99244e+15 1149.63 424.915 0.116229 0 0 0.174677 0 0 0.151896 0 0 0.0227812 0 0 0 9.99002e+15 -9.99517e+20 4.83461e+17 2.4831e+13 -1e+21 
1.01449 0.897171 -0.221642 0.478003 -0.000120253 1.32631 1.11881 2.48728e+12 9.99251e+15 1150.54 424.915 0.116361 0 0 0.174677 0 0 0.151545 0 0 0.0231323 0 0 0 9.99002e+15 -9.99503e+20 4.97419e+17 2.55488e+13 -1e+21 
1.03685 0.897171 -0.221641 0.478731 -0.000120176 1.32631 1.11881 2.55826e+12 9.99258e+15 1151.41 424.915 0.116553 0 0 0.174677 0 0 0.151187 0 0 0.0234904 0 0 0 9.99002e+15 -9.99488e+20 5.11612e+17 2.62788e+13 -1e+21 
1.05966 0.897171 -0.221641 0.47945 -0.000120097 1.32631 1.11881 2.63043e+12 9.99265e+15 1152.25 424.915 0.116786 0 0 0.174677 0 0 0.150822 0 0 0.0238557 0 0 0 9.99002e+15 -9.99474e+20 5.26044e+17 2.70211e+13 -1e+21 
1.08293 0.897172 -0.221641 0.480162 -0.000120014 1.32631 1.11881 2.70382e+12 9.99272e+15 1153.05 424.915 0.117046 0 0 0.174677 0 0 0.150449 0 0 0.0242283 0 0 0 9.99002e+15 -9.99459e+20 5.40718e+17 2.77759e+13 -1e+21 
1.10667 0.897172 -0.22164 0.480866 -0.000119929 1.32631 1.11881 2.77844e+12 9.9928e+15 1153.83 424.915 0.117327 0 0 0.174677 0 0 0.150069 0 0 0.0246084 0 0 0 9.99002e+15 -9.99444e+20 5.5564e+17 2.85435e+13 -1e+21 
1.13088 0.897172 -0.22164 0.481563 -0.000119841 1.32631 1.11881 2.85431e+12 9.99287e+15 1154.57 424.915 0.117624 0 0 0.174677 0 0 0.149681 0 0 0.0249961 0 0 0 9.99002e+15 -9.99429e+20 5.70811e+17 2.9324e+13 -1e+21 
1.15558 0.897172 -0.22164 0.482252 -0.000119749 1.32631 1.11881 2.93144e+12 9.99295e+15 1155.28 424.915 0.117935 0 0 0.174677 0 0 0.149286 0 0 0.0253916 0 0 0 9.99002e+15 -9.99414e+20 5.86236e+17 3.01176e+13 -1e+21 
1.18077 0.897173 -0.22164 0.482935 -0.000119655 1.32631 1.11881 3.00987e+12 9.99303e+15 1155.96 424.915 0.118257 0 0 0.174677 0 0 0.148882 0 0 0.025795 0 0 0 9.99002e+15 -9.99398e+20 6.01918e+17 3.09245e+13 -1e+21 
1.20647 0.897173 -0.221639 0.483611 -0.000119556 1.32631 1.11881 3.0896e+12 9.99311e+15 1156.62 424.915 0.11859 0 0 0.174677 0 0 0.148471 0 0 0.0262064 0 0 0 9.99002e+15 -9.99382e+20 6.17862e+17 3.17449e+13 -1e+21 
1.23268 0.897173 -0.221639 0.484281 -0.000119455 1.32631 1.11881 3.17066e+12 9.99319e+15 1157.25 424.915 0.118933 0 0 0.174677 0 0 0.148051 0 0 0.0266261 0 0 0 9.99002e+15 -9.99366e+20 6.3407e+17 3.2579e+13 -1e+21 
1.25942 0.897174 -0.221639 0.484945 -0.000119349 1.32631 1.11881 3.25306e+12 9.99327e+15 1157.86 424.915 0.119287 0 0 0.174677 0 0 0.147623 0 0 0.0270543 0 0 0 9.99002e+15 -9.99349e+20 6.50547e+17 3.3427e+13 -1e+21 
1.28669 0.897174 -0.221638 0.485602 -0.00011924 1.32631 1.11881 3.33682e+12 9.99336e+15 1158.45 424.915 0.11965 0 0 0.174677 0 0 0.147186 0 0 0.0274909 0 0 0 9.99002e+15 -9.99333e+20 6.67296e+17 3.42891e+13 -1e+21 
1.31451 0.897174 -0.221638 0.486254 -0.000119127 1.32631 1.11881 3.42197e+12 9.99344e+15 1159.01 424.915 0.120024 0 0 0.174677 0 0 0.146741 0 0 0.0279364 0 0 0 9.99002e+15 -9.99316e+20 6.84321e+17 3.51655e+13 -1e+21 
1.34289 0.897175 -0.221638 0.4869 -0.000119009 1.32631 1.11881 3.50851e+12 9.99353e+15 1159.56 424.915 0.120407 0 0 0.174677 0 0 0.146287 0 0 0.0283907 0 0 0 9.99002e+15 -9.99298e+20 7.01626e+17 3.60563e+13 -1e+21 
1.37184 0.897175 -0.221637 0.487541 -0.000118887 1.32631 1.11881 3.59646e+12 9.99361e+15 1160.09 424.915 0.120801 0 0 0.174677 0 0 0.145823 0 0 0.0288542 0 0 0 9.99002e+15 -9.99281e+20 7.19213e+17 3.69618e+13 -1e+21 
1.40137 0.897175 -0.221637 0.488176 -0.000118761 1.32631 1.11881 3.68586e+12 9.9937e+15 1160.59 424.915 0.121205 0 0 0.174677 0 0 0.14535 0 0 0.029327 0 0 0 9.99002e+15 -9.99263e+20 7.37088e+17 3.78821e+13 -1e+21 
1.43149 0.897176 -0.221637 0.488805 -0.00011863 1.32631 1.11881 3.7767e+12 9.99379e+15 1161.08 424.915 0.121619 0 0 0.174677 0 0 0.144868 0 0 0.0298092 0 0 0 9.99002e+15 -9.99245e+20 7.55253e+17 3.88175e+13 -1e+21 
1.46221 0.897176 -0.221636 0.48943 -0.000118494 1.32631 1.11881 3.86901e+12 9.99389e+15 1161.56 424.915 0.122043 0 0 0.174677 0 0 0.144376 0 0 0.030301 0 0 0 9.99002e+15 -9.99226e+20 7.73711e+17 3.97681e+13 -1e+21 
1.49355 0.897177 -0.221636 0.49005 -0.000118354 1.32631 1.11881 3.96282e+12 9.99398e+15 1162.01 424.915 0.122478 0 0 0.174677 0 0 0.143875 0 0 0.0308028 0 0 0 9.99002e+15 -9.99207e+20 7.92467e+17 4.07341e+13 -1e+21 
1.52552 0.897177 -0.221635 0.490665 -0.000118208 1.32631 1.11881 4.05812e+12 9.99408e+15 1162.45 424.915 0.122923 0 0 0.174677 0 0 0.143363 0 0 0.0313145 0 0 0 9.99002e+15 -9.99188e+20 8.11524e+17 4.17157e+13 -1e+21 
1.55813 0.897177 -0.221635 0.491275 -0.000118056 1.32631 1.11881 4.15496e+12 9.99417e+15 1162.88 424.915 0.12338 0 0 0.174677 0 0 0.142841 0 0 0.0318366 0 0 0 9.99002e+15 -9.99169e+20 8.30886e+17 4.2713e+13 -1e+21 
1.59139 0.897178 -0.221635 0.49188 -0.000117899 1.3263 1.11881 4.25333e+12 9.99427e+15 1163.29 424.915 0.123847 0 0 0.174677 0 0 0.142308 0 0 0.032369 0 0 0 9.99002e+15 -9.99149e+20 8.50555e+17 4.37264e+13 -1e+21 
1.62532 0.897178 -0.221634 0.492481 -0.000117737 1.3263 1.11881 4.35325e+12 9.99437e+15 1163.69 424.915 0.124325 0 0 0.174677 0 0 0.141765 0 0 0.0329122 0 0 0 9.99002e+15 -9.99129e+20 8.70535e+17 4.47558e+13 -1e+21 
1.65993 0.897179 -0.221634 0.493077 -0.000117568 1.3263 1.11881 4.45475e+12 9.99447e+15 1164.08 424.915 0.124814 0 0 0.174677 0 0 0.141211 0 0 0.0334662 0 0 0 9.99002e+15 -9.99109e+20 8.9083e+17 4.58016e+13 -1e+21 
1.69523 0.897179 -0.221633 0.493669 -0.000117393 1.3263 1.11881 4.55784e+12 9.99458e+15 1164.45 424.915 0.125315 0 0 0.174677 0 0 0.140646 0 0 0.0340313 0 0 0 9.99002e+15 -9.99089e+20 9.11442e+17 4.68638e+13 -1e+21 
1.73124 0.89718 -0.221633 0.494256 -0.000117211 1.3263 1.11881 4.66254e+12 9.99468e+15 1164.81 424.915 0.125827 0 0 0.174677 0 0 0.14007 0 0 0.0346078 0 0 0 9.99002e+15 -9.99068e+20 9.32375e+17 4.79427e+13 -1e+21 
1.76798 0.89718 -0.221632 0.49484 -0.000117023 1.3263 1.11881 4.76886e+12 9.99479e+15 1165.16 424.915 0.12635 0 0 0.174677 0 0 0.139482 0 0 0.0351957 0 0 0 9.99002e+15 -9.99046e+20 9.53633e+17 4.90384e+13 -1e+21 
1.80545 0.89718 -0.221632 0.495419 -0.000116827 1.3263 1.11881 4.87681e+12 9.99489e+15 1165.5 424.915 0.126886 0 0 0.174677 0 0 0.138882 0 0 0.0357955 0 0 0 9.99002e+15 -9.99025e+20 9.75217e+17 5.01511e+13 -1e+21 
1.84367 0.897181 -0.221631 0.495994 -0.000116624 1.3263 1.11881 4.98641e+12 9.995e+15 1165.83 424.915 0.127434 0 0 0.174677 0 0 0.13827 0 0 0.0364073 0 0 0 9.99002e+15 -9.99003e+20 9.97131e+17 5.12809e+13 -1e+21 
1.88265 0.897181 -0.221631 0.496565 -0.000116414 1.3263 1.11881 5.09768e+12 9.99511e+15 1166.15 424.915 0.127993 0 0 0.174677 0 0 0.137646 0 0 0.0370313 0 0 0 9.99002e+15 -9.98981e+20 1.01938e+18 5.2428e+13 -1e+21 
1.92242 0.897182 -0.22163 0.497132 -0.000116196 1.3263 1.11881 5.21063e+12 9.99523e+15 1166.46 424.915 0.128566 0 0 0.174677 0 0 0.13701 0 0 0.0376678 0 0 0 9.99002e+15 -9.98958e+20 1.04196e+18 5.35926e+13 -1e+21 
1.96299 0.897182 -0.22163 0.497695 -0.000115969 1.3263 1.11881 5.32527e+12 9.99534e+15 1166.76 424.915 0.129151 0 0 0.174677 0 0 0.13636 0 0 0.038317 0 0 0 9.99002e+15 -9.98935e+20 1.06488e+18 5.47747e+13 -1e+21 
2.00437 0.897183 -0.221629 0.498254 -0.000115734 1.3263 1.11881 5.44161e+12 9.99546e+15 1167.05 424.915 0.129748 0 0 0.174677 0 0 0.135698 0 0 0.0389793 0 0 0 9.99002e+15 -9.98912e+20 1.08814e+18 5.59745e+13 -1e+21 
2.04658 0.897184 -0.221629 0.49881 -0.00011549 1.3263 1.11881 5.55967e+12 9.99558e+15 1167.33 424.915 0.130359 0 0 0.174677 0 0 0.135023 0 0 0.0396548 0 0 0 9.99002e+15 -9.98888e+20 1.11175e+18 5.71922e+13 -1e+21 
2.08963 0.897184 -0.221628 0.499361 -0.000115237 1.3263 1.11881 5.67946e+12 9.9957e+15 1167.6 424.915 0.130983 0 0 0.174677 0 0 0.134333 0 0 0.0403439 0 0 0 9.99002e+15 -9.98864e+20 1.1357e+18 5.84278e+13 -1e+21 
2.13355 0.897185 -0.221628 0.499909 -0.000114975 1.3263 1.11881 5.80099e+12 9.99582e+15 1167.87 424.915 0.131621 0 0 0.174677 0 0 0.133631 0 0 0.0410467 0 0 0 9.99002e+15 -9.9884e+20 1.15999e+18 5.96815e+13 -1e+21 
2.17835 0.897185 -0.221627 0.500454 -0.000114702 1.3263 1.11881 5.92426e+12 9.99594e+15 1168.13 424.915 0.132272 0 0 0.174677 0 0 0.132914 0 0 0.0417636 0 0 0 9.99002e+15 -9.98815e+20 1.18464e+18 6.09533e+13 -1e+21 
2.22405 0.897186 -0.221627 0.500994 -0.000114419 1.3263 1.11881 6.04929e+12 9.99607e+15 1168.38 424.915 0.132937 0 0 0.174677 0 0 0.132182 0 0 0.0424949 0 0 0 9.99002e+15 -9.9879e+20 1.20964e+18 6.22435e+13 -1e+21 
2.27066 0.897186 -0.221626 0.501531 -0.000114126 1.3263 1.11881 6.17609e+12 9.99619e+15 1168.62 424.915 0.133616 0 0 0.174677 0 0 0.131437 0 0 0.0432408 0 0 0 9.99002e+15 -9.98765e+20 1.23499e+18 6.3552e+13 -1e+21 
2.31821 0.897187 -0.221625 0.502064 -0.000113821 1.3263 1.11881 6.30465e+12 9.99632e+15 1168.85 424.915 0.13431 0 0 0.174677 0 0 0.130676 0 0 0.0440016 0 0 0 9.99001e+15 -9.98739e+20 1.26069e+18 6.4879e+13 -1e+21 
2.36671 0.897188 -0.221625 0.502594 -0.000113504 1.32629 1.11881 6.435e+12 9.99645e+15 1169.08 424.915 0.135019 0 0 0.174677 0 0 0.1299 0 0 0.0447777 0 0 0 9.99001e+15 -9.98713e+20 1.28675e+18 6.62245e+13 -1e+21 
2.41618 0.897188 -0.221624 0.50312 -0.000113176 1.32629 1.11881 6.56713e+12 9.99658e+15 1169.31 424.915 0.135743 0 0 0.174677 0 0 0.129108 0 0 0.0455693 0 0 0 9.99001e+15 -9.98687e+20 1.31316e+18 6.75885e+13 -1e+21 
2.46665 0.897189 -0.221623 0.503643 -0.000112835 1.32629 1.11881 6.70104e+12 9.99672e+15 1169.52 424.915 0.136482 0 0 0.174677 0 0 0.128301 0 0 0.0463768 0 0 0 9.99001e+15 -9.9866e+20 1.33994e+18 6.89712e+13 -1e+21 
2.51813 0.89719 -0.221623 0.504162 -0.000112481 1.32629 1.11881 6.83674e+12 9.99685e+15 1169.73 424.915 0.137236 0 0 0.174677 0 0 0.127477 0 0 0.0472005 0 0 0 9.99001e+15 -9.98633e+20 1.36706e+18 7.03725e+13 -1e+21 
2.57063 0.897191 -0.221622 0.504677 -0.000112114 1.32629 1.11881 6.97423e+12 9.99699e+15 1169.94 424.915 0.138006 0 0 0.174677 0 0 0.126637 0 0 0.0480406 0 0 0 9.99001e+15 -9.98605e+20 1.39455e+18 7.17925e+13 -1e+21 
2.6242 0.897191 -0.221621 0.505189 -0.000111732 1.32629 1.11881 7.11352e+12 9.99713e+15 1170.14 424.915 0.138793 0 0 0.174677 0 0 0.12578 0 0 0.0488975 0 0 0 9.99001e+15 -9.98578e+20 1.4224e+18 7.32311e+13 -1e+21 
2.67883 0.897192 -0.22162 0.505697 -0.000111336 1.32629 1.11881 7.25458e+12 9.99727e+15 1170.33 424.915 0.139596 0 0 0.174677 0 0 0.124906 0 0 0.0497716 0 0 0 9.99001e+15 -9.98549e+20 1.4506e+18 7.46884e+13 -1e+21 
2.73456 0.897193 -0.22162 0.506202 -0.000110925 1.32629 1.11881 7.39744e+12 9.99741e+15 1170.52 424.915 0.140415 0 0 0.174677 0 0 0.124014 0 0 0.0506632 0 0 0 9.99001e+15 -9.98521e+20 1.47916e+18 7.61644e+13 -1e+21 
2.79141 0.897194 -0.221619 0.506704 -0.000110498 1.32629 1.11881 7.54207e+12 9.99756e+15 1170.7 424.915 0.141252 0 0 0.174677 0 0 0.123105 0 0 0.0515727 0 0 0 9.99001e+15 -9.98492e+20 1.50807e+18 7.76589e+13 -1e+21 
2.8494 0.897194 -0.221618 0.507202 -0.000110055 1.32629 1.11881 7.68848e+12 9.9977e+15 1170.88 424.915 0.142106 0 0 0.174677 0 0 0.122177 0 0 0.0525003 0 0 0 9.99001e+15 -9.98463e+20 1.53734e+18 7.9172e+13 -1e+21 
2.90855 0.897195 -0.221617 0.507696 -0.000109594 1.32629 1.11881 7.83664e+12 9.99785e+15 1171.05 424.915 0.142978 0 0 0.174677 0 0 0.121231 0 0 0.0534465 0 0 0 9.99001e+15 -9.98433e+20 1.56696e+18 8.07035e+13 -1e+21 
2.96888 0.897196 -0.221616 0.508187 -0.000109116 1.32629 1.11881 7.98657e+12 9.998e+15 1171.22 424.915 0.143868 0 0 0.174677 0 0 0.120266 0 0 0.0544117 0 0 0 9.99001e+15 -9.98403e+20 1.59693e+18 8.22534e+13 -1e+21 
3.03043 0.897197 -0.221615 0.508674 -0.00010862 1.32629 1.11881 8.13823e+12 9.99815e+15 1171.39 424.915 0.144776 0 0 0.174677 0 0 0.119281 0 0 0.0553962 0 0 0 9.99001e+15 -9.98373e+20 1.62724e+18 8.38214e+13 -1e+21 
3.09321 0.897198 -0.221614 0.509157 -0.000108104 1.32628 1.11881 8.29162e+12 9.99831e+15 1171.55 424.915 0.145703 0 0 0.174677 0 0 0.118277 0 0 0.0564004 0 0 0 9.99001e+15 -9.98342e+20 1.65791e+18 8.54076e+13 -1e+21 
3.15725 0.897199 -0.221613 0.509638 -0.000107569 1.32628 1.11881 8.44671e+12 9.99846e+15 1171.7 424.915 0.146649 0 0 0.174677 0 0 0.117253 0 0 0.0574247 0 0 0 9.99001e+15 -9.98311e+20 1.68891e+18 8.70116e+13 -1e+21 
3.22257 0.8972 -0.221613 0.510114 -0.000107013 1.32628 1.11881 8.6035e+12 9.99862e+15 1171.85 424.915 0.147614 0 0 0.174677 0 0 0.116208 0 0 0.0584695 0 0 0 9.99001e+15 -9.9828e+20 1.72025e+18 8.86334e+13 -1e+21 
3.2892 0.897201 -0.221612 0.510587 -0.000106435 1.32628 1.11881 8.76195e+12 9.99878e+15 1172 424.915 0.148599 0 0 0.174677 0 0 0.115142 0 0 0.0595352 0 0 0 9.99001e+15 -9.98248e+20 1.75193e+18 9.02726e+13 -1e+21 
3.35717 0.897202 -0.221611 0.511056 -0.000105835 1.32628 1.11881 8.92204e+12 9.99894e+15 1172.15 424.915 0.149604 0 0 0.174677 0 0 0.114055 0 0 0.0606222 0 0 0 9.99001e+15 -9.98216e+20 1.78393e+18 9.19291e+13 -1e+21 
3.4265 0.897203 -0.221609 0.511521 -0.000105212 1.32628 1.11881 9.08375e+12 9.9991e+15 1172.29 424.915 0.15063 0 0 0.174677 0 0 0.112946 0 0 0.061731 0 0 0 9.99001e+15 -9.98184e+20 1.81625e+18 9.36025e+13 -1e+21 
3.49722 0.897204 -0.221608 0.511983 -0.000104565 1.32628 1.11881 9.24703e+12 9.99926e+15 1172.42 424.915 0.151677 0 0 0.174677 0 0 0.111815 0 0 0.062862 0 0 0 9.99001e+15 -9.98151e+20 1.84889e+18 9.52925e+13 -1e+21 
3.56936 0.897205 -0.221607 0.512441 -0.000103893 1.32628 1.11881 9.41187e+12 9.99942e+15 1172.56 424.915 0.152746 0 0 0.174677 0 0 0.110662 0 0 0.0640156 0 0 0 9.99001e+15 -9.98118e+20 1.88184e+18 9.69989e+13 -1e+21 
3.64294 0.897206 -0.221606 0.512895 -0.000103195 1.32628 1.11881 9.57822e+12 9.99959e+15 1172.69 424.915 0.153836 0 0 0.174677 0 0 0.109485 0 0 0.0651923 0 0 0 9.99001e+15 -9.98085e+20 1.91509e+18 9.87211e+13 -1e+21 
3.718 0.897207 -0.221605 0.513345 -0.000102469 1.32628 1.11881 9.74603e+12 9.99976e+15 1172.81 424.915 0.154948 0 0 0.174677 0 0 0.108285 0 0 0.0663926 0 0 0 9.99001e+15 -9.98051e+20 1.94863e+18 1.00459e+14 -1e+21 
3.79457 0.897209 -0.221604 0.513791 -0.000101716 1.32627 1.11881 9.91527e+12 9.99993e+15 1172.94 424.915 0.156083 0 0 0.174677 0 0 0.10706 0 0 0.0676169 0 0 0 9.99001e+15 -9.98017e+20 1.98246e+18 1.02212e+14 -1e+21 
3.87267 0.89721 -0.221603 0.514234 -0.000100933 1.32627 1.11881 1.00859e+13 1.00001e+16 1173.06 424.915 0.157242 0 0 0.174677 0 0 0.105812 0 0 0.0688656 0 0 0 9.99001e+15 -9.97983e+20 2.01656e+18 1.03979e+14 -1e+21 
3.95233 0.897211 -0.221601 0.514672 -0.000100119 1.32627 1.11881 1.02578e+13 1.00003e+16 1173.18 424.915 0.158423 0 0 0.174677 0 0 0.104538 0 0 0.0701394 0 0 0 9.99001e+15 -9.97949e+20 2.05093e+18 1.0576e+14 -1e+21 
4.03359 0.897212 -0.2216 0.515106 -9.92745e-05 1.32627 1.11881 1.0431e+13 1.00004e+16 1173.29 424.915 0.159629 0 0 0.174677 0 0 0.103239 0 0 0.0714387 0 0 0 9.99001e+15 -9.97914e+20 2.08555e+18 1.07555e+14 -1e+21 
4.11648 0.897214 -0.221599 0.515536 -9.83967e-05 1.32627 1.11881 1.06054e+13 1.00006e+16 1173.41 424.915 0.160859 0 0 0.174677 0 0 0.101913 0 0 0.072764 0 0 0 9.99001e+15 -9.97879e+20 2.12041e+18 1.09362e+14 -1e+21 
4.20104 0.897215 -0.221597 0.515962 -9.74846e-05 1.32627 1.11881 1.0781e+13 1.00008e+16 1173.52 424.915 0.162114 0 0 0.174677 0 0 0.100562 0 0 0.0741158 0 0 0 9.99001e+15 -9.97844e+20 2.15549e+18 1.11182e+14 -1e+21 
4.28729 0.897216 -0.221596 0.516383 -9.6537e-05 1.32627 1.11881 1.09576e+13 1.0001e+16 1173.62 424.915 0.163395 0 0 0.174677 0 0 0.0991827 0 0 0.0754946 0 0 0 9.99001e+15 -9.97809e+20 2.19079e+18 1.13013e+14 -1e+21 
4.37526 0.897218 -0.221595 0.5168 -9.55524e-05 1.32626 1.11881 1.11352e+13 1.00011e+16 1173.73 424.915 0.164702 0 0 0.174677 0 0 0.0977763 0 0 0.076901 0 0 0 9.99001e+15 -9.97774e+20 2.22629e+18 1.14854e+14 -1e+21 
4.465 0.897219 -0.221593 0.517213 -9.45294e-05 1.32626 1.11881 1.13137e+13 1.00013e+16 1173.83 424.915 0.166035 0 0 0.174677 0 0 0.0963417 0 0 0.0783356 0 0 0 9.99001e+15 -9.97738e+20 2.26197e+18 1.16706e+14 -1e+21 
4.55654 0.897221 -0.221592 0.517621 -9.34664e-05 1.32626 1.11881 1.1493e+13 1.00015e+16 1173.93 424.915 0.167395 0 0 0.174677 0 0 0.0948784 0 0 0.0797989 0 0 0 9.99001e+15 -9.97702e+20 2.29781e+18 1.18566e+14 -1e+21 
4.64992 0.897222 -0.22159 0.518024 -9.23618e-05 1.32626 1.11881 1.16731e+13 1.00017e+16 1174.03 424.915 0.168783 0 0 0.174677 0 0 0.0933858 0 0 0.0812915 0 0 0 9.99001e+15 -9.97666e+20 2.3338e+18 1.20434e+14 -1e+21 
4.74517 0.897224 -0.221588 0.518423 -9.12141e-05 1.32626 1.11881 1.18538e+13 1.00019e+16 1174.12 424.915 0.170198 0 0 0.174677 0 0 0.0918634 0 0 0.0828139 0 0 0 9.99001e+15 -9.9763e+20 2.36991e+18 1.22308e+14 -1e+21 
4.84232 0.897226 -0.221587 0.518817 -9.00213e-05 1.32626 1.11881 1.2035e+13 1.0002e+16 1174.22 424.915 0.171643 0 0 0.174677 0 0 0.0903105 0 0 0.0843668 0 0 0 9.99001e+15 -9.97594e+20 2.40612e+18 1.24189e+14 -1e+21 
4.94143 0.897227 -0.221585 0.519206 -8.87819e-05 1.32625 1.11881 1.22166e+13 1.00022e+16 1174.31 424.915 0.173116 0 0 0.174677 0 0 0.0887265 0 0 0.0859508 0 0 0 9.99001e+15 -9.97557e+20 2.44241e+18 1.26074e+14 -1e+21 
5.04252 0.897229 -0.221583 0.51959 -8.74939e-05 1.32625 1.11881 1.23985e+13 1.00024e+16 1174.4 424.915 0.174619 0 0 0.174677 0 0 0.0871108 0 0 0.0875665 0 0 0 9.99001e+15 -9.97521e+20 2.47876e+18 1.27962e+14 -1e+21 
5.14564 0.897231 -0.221581 0.519968 -8.61554e-05 1.32625 1.11881 1.25805e+13 1.00026e+16 1174.48 424.915 0.176153 0 0 0.174677 0 0 0.0854628 0 0 0.0892145 0 0 0 9.99001e+15 -9.97485e+20 2.51514e+18 1.29852e+14 -1e+21 
5.25083 0.897233 -0.22158 0.520342 -8.47644e-05 1.32625 1.11881 1.27625e+13 1.00028e+16 1174.57 424.915 0.177718 0 0 0.174677 0 0 0.0837818 0 0 0.0908955 0 0 0 9.99001e+15 -9.97448e+20 2.55153e+18 1.31742e+14 -1e+21 
5.35812 0.897235 -0.221578 0.520709 -8.33187e-05 1.32625 1.11881 1.29445e+13 1.0003e+16 1174.65 424.915 0.179314 0 0 0.174677 0 0 0.0820672 0 0 0.0926102 0 0 0 9.99001e+15 -9.97412e+20 2.58788e+18 1.33632e+14 -1e+21 
5.46757 0.897237 -0.221576 0.521072 -8.18163e-05 1.32625 1.11881 1.31261e+13 1.00031e+16 1174.74 424.915 0.180942 0 0 0.174677 0 0 0.0803182 0 0 0.0943591 0 0 0 9.99001e+15 -9.97376e+20 2.62418e+18 1.35519e+14 -1e+21 
5.57921 0.897239 -0.221574 0.521428 -8.02548e-05 1.32624 1.11881 1.33073e+13 1.00033e+16 1174.82 424.915 0.182604 0 0 0.174677 0 0 0.0785343 0 0 0.096143 0 0 0 9.99001e+15 -9.97339e+20 2.66039e+18 1.37402e+14 -1e+21 
5.69308 0.897241 -0.221572 0.521779 -7.86319e-05 1.32624 1.11881 1.34879e+13 1.00035e+16 1174.9 424.915 0.184299 0 0 0.174677 0 0 0.0767147 0 0 0.0979627 0 0 0 9.99001e+15 -9.97303e+20 2.69648e+18 1.39278e+14 -1e+21 
5.80924 0.897243 -0.221569 0.522123 -7.69452e-05 1.32624 1.11881 1.36676e+13 1.00037e+16 1174.97 424.915 0.186028 0 0 0.174677 0 0 0.0748586 0 0 0.0998187 0 0 0 9.99001e+15 -9.97267e+20 2.7324e+18 1.41147e+14 -1e+21 
5.92773 0.897245 -0.221567 0.522461 -7.51921e-05 1.32624 1.11881 1.38464e+13 1.00039e+16 1175.05 424.915 0.187792 0 0 0.174677 0 0 0.0729654 0 0 0.101712 0 0 0 9.99001e+15 -9.97232e+20 2.76812e+18 1.43005e+14 -1e+21 
6.0486 0.897248 -0.221565 0.522793 -7.33699e-05 1.32623 1.11881 1.4024e+13 1.0004e+16 1175.12 424.915 0.189591 0 0 0.174677 0 0 0.0710343 0 0 0.103643 0 0 0 9.99001e+15 -9.97196e+20 2.80361e+18 1.44851e+14 -1e+21 
6.17189 0.89725 -0.221563 0.523118 -7.14759e-05 1.32623 1.11881 1.42001e+13 1.00042e+16 1175.2 424.915 0.191427 0 0 0.174677 0 0 0.0690646 0 0 0.105613 0 0 0 9.99001e+15 -9.97161e+20 2.83881e+18 1.46683e+14 -1e+21 
6.29765 0.897252 -0.22156 0.523436 -6.95072e-05 1.32623 1.11881 1.43746e+13 1.00044e+16 1175.27 424.915 0.1933 0 0 0.174677 0 0 0.0670555 0 0 0.107622 0 0 0 9.99001e+15 -9.97126e+20 2.87368e+18 1.48498e+14 -1e+21 
6.42593 0.897255 -0.221558 0.523747 -6.74609e-05 1.32623 1.11881 1.45472e+13 1.00046e+16 1175.34 424.915 0.19521 0 0 0.174677 0 0 0.0650061 0 0 0.109671 0 0 0 9.99001e+15 -9.97092e+20 2.90817e+18 1.50293e+14 -1e+21 
6.55678 0.897257 -0.221555 0.524051 -6.53338e-05 1.32623 1.11881 1.47177e+13 1.00047e+16 1175.41 424.915 0.197159 0 0 0.174677 0 0 0.0629157 0 0 0.111762 0 0 0 9.99001e+15 -9.97058e+20 2.94223e+18 1.52067e+14 -1e+21 
6.69026 0.89726 -0.221552 0.524347 -6.31227e-05 1.32622 1.11881 1.48857e+13 1.00049e+16 1175.48 424.915 0.199148 0 0 0.174677 0 0 0.0607835 0 0 0.113894 0 0 0 9.99001e+15 -9.97024e+20 2.97581e+18 1.53816e+14 -1e+21 
6.82641 0.897263 -0.22155 0.524635 -6.08243e-05 1.32622 1.11881 1.50511e+13 1.00051e+16 1175.54 424.915 0.201176 0 0 0.174677 0 0 0.0586087 0 0 0.116069 0 0 0 9.99001e+15 -9.96991e+20 3.00885e+18 1.55537e+14 -1e+21 
6.9653 0.897266 -0.221547 0.524915 -5.84351e-05 1.32622 1.11881 1.52134e+13 1.00052e+16 1175.61 424.915 0.203246 0 0 0.174677 0 0 0.0563902 0 0 0.118287 0 0 0 9.99001e+15 -9.96959e+20 3.04129e+18 1.57227e+14 -1e+21 
7.10696 0.897268 -0.221544 0.525187 -5.59514e-05 1.32621 1.11881 1.53725e+13 1.00054e+16 1175.68 424.915 0.205357 0 0 0.174677 0 0 0.0541274 0 0 0.12055 0 0 0 9.99001e+15 -9.96927e+20 3.07307e+18 1.58882e+14 -1e+21 
7.25147 0.897271 -0.221541 0.52545 -5.33695e-05 1.32621 1.11881 1.55279e+13 1.00055e+16 1175.74 424.914 0.207511 0 0 0.174677 0 0 0.0518193 0 0 0.122858 0 0 0 9.99001e+15 -9.96896e+20 3.10413e+18 1.60501e+14 -1e+21 
7.39887 0.897274 -0.221538 0.525704 -5.06854e-05 1.32621 1.11881 1.56793e+13 1.00057e+16 1175.8 424.914 0.209708 0 0 0.174677 0 0 0.049465 0 0 0.125212 0 0 0 9.99001e+15 -9.96865e+20 3.13438e+18 1.62078e+14 -1e+21 
7.54923 0.897278 -0.221535 0.525949 -4.7895e-05 1.3262 1.11881 1.58264e+13 1.00058e+16 1175.87 424.914 0.211949 0 0 0.174677 0 0 0.0470636 0 0 0.127614 0 0 0 9.99001e+15 -9.96836e+20 3.16377e+18 1.63609e+14 -1e+21 
7.7026 0.897281 -0.221531 0.526184 -4.49942e-05 1.3262 1.11881 1.59687e+13 1.0006e+16 1175.93 424.914 0.214236 0 0 0.174677 0 0 0.0446141 0 0 0.130063 0 0 0 9.99001e+15 -9.96808e+20 3.19221e+18 1.65092e+14 -1e+21 
7.85905 0.897284 -0.221528 0.526408 -4.19784e-05 1.3262 1.11881 1.61059e+13 1.00061e+16 1175.99 424.914 0.216569 0 0 0.174677 0 0 0.0421155 0 0 0.132562 0 0 0 9.99001e+15 -9.9678e+20 3.21962e+18 1.66521e+14 -1e+21 
8.01864 0.897288 -0.221525 0.526622 -3.8843e-05 1.32619 1.11881 1.62376e+13 1.00062e+16 1176.05 424.914 0.218949 0 0 0.174677 0 0 0.039567 0 0 0.13511 0 0 0 9.99e+15 -9.96754e+20 3.24592e+18 1.67893e+14 -1e+21 
8.18142 0.897291 -0.221521 0.526825 -3.55834e-05 1.32619 1.11881 1.63632e+13 1.00064e+16 1176.11 424.914 0.221377 0 0 0.174677 0 0 0.0369674 0 0 0.13771 0 0 0 9.99e+15 -9.96729e+20 3.27102e+18 1.69202e+14 -1e+21 
8.34747 0.897295 -0.221517 0.527016 -3.21944e-05 1.32619 1.11881 1.64823e+13 1.00065e+16 1176.17 424.914 0.223855 0 0 0.174677 0 0 0.0343157 0 0 0.140362 0 0 0 9.99e+15 -9.96705e+20 3.29483e+18 1.70444e+14 -1e+21 
8.51685 0.897299 -0.221514 0.527195 -2.86709e-05 1.32618 1.11881 1.65945e+13 1.00066e+16 1176.22 424.914 0.226383 0 0 0.174677 0 0 0.031611 0 0 0.143066 0 0 0 9.99e+15 -9.96683e+20 3.31724e+18 1.71613e+14 -1e+21 
8.68962 0.897303 -0.22151 0.527362 -2.50076e-05 1.32618 1.11881 1.66991e+13 1.00067e+16 1176.28 424.914 0.228985 0 0 0.174677 0 0 0.0288521 0 0 0.145825 0 0 0 9.99e+15 -9.96662e+20 3.33815e+18 1.72704e+14 -1e+21 
8.86586 0.897307 -0.221506 0.527515 -2.11987e-05 1.32618 1.11881 1.67958e+13 1.00068e+16 1176.34 424.914 0.232107 0 0 0.174677 0 0 0.0260379 0 0 0.148639 0 0 0 9.99e+15 -9.96642e+20 3.35746e+18 1.73711e+14 -1e+21 
9.04563 0.897311 -0.221501 0.527654 -1.72385e-05 1.32617 1.11881 1.68838e+13 1.00069e+16 1176.4 424.914 0.245395 0 0 0.174677 0 0 0.0231674 0 0 0.15151 0 0 0 9.99e+15 -9.96625e+20 3.37505e+18 1.7463e+14 -1e+21 
9.229 0.897316 -0.221497 0.527779 -1.3121e-05 1.32617 1.11881 1.69624e+13 1.00071e+16 1176.45 424.914 0.485256 0 0 0.174677 0 0 0.0202394 0 0 0.154438 0 0 0 9.99e+15 -9.96609e+20 3.39075e+18 1.75454e+14 -1e+21 
9.41605 0.897329 -0.221483 0.527888 -8.84051e-06 1.32615 1.11881 1.70255e+13 1.00107e+16 1176.51 424.914 5.98803 0 0 0.174677 0 0 0.0172527 0 0 0.157425 0 0 0 9.99e+15 -9.96596e+20 3.40336e+18 1.76235e+14 -1e+21 
9.60685 0.897546 -0.221266 0.527982 -4.40882e-06 1.32594 1.11881 1.69447e+13 1.00932e+16 1176.55 424.914 138.817 0 0 0.174677 0 0 0.0142061 0 0 0.160471 0 0 0 9.98992e+15 -9.96613e+20 3.38722e+18 1.78292e+14 -1e+21 
9.80147 0.902778 -0.216034 0.528067 -2.82017e-07 1.3207 1.11881 1.38855e+13 1.23552e+16 1176.48 424.915 3811.1 0 0 0.174677 0 0 0.0110975 0 0 0.16358 0 0 0 9.98766e+15 -9.97224e+20 2.77617e+18 2.18586e+14 -1e+21 
10 1.05017 -0.0686405 0.528211 -2.55422e-07 1.17331 1.11881 4.66524e+10 3.60965e+18 1176.4 424.915 7424.38 0 0 0.174677 0 0 0.00951154 0 0 0.165166 0 0 0 7.30061e+15 -9.99928e+20 9.33049e+15 6.24881e+16 -1e+21 
10 1.05017 -0.0686405 0.528211 -2.55422e-07 1.17331 1.11881 4.66524e+10 3.60965e+18 106.217 73.1657 723.798 0 0 0.174677 0 0 0.00637456 0 0 0.168303 0 0 0 7.30061e+18 -9.95268e+20 4.66991e+18 6.24881e+16 -1e+21 
10.194 1.06421 -0.0545992 0.58248 -1.98112e-07 1.15927 1.11881 2.21147e+11 6.11038e+18 106.923 73.1657 327.314 0 0 0.174677 0 0 0.00485621 0 0 0.169821 0 0 0 6.11065e+18 -9.77014e+20 2.21368e+19 8.4881e+17 -1e+21 
10.3541 1.06421 -0.0545983 0.59423 -1.5987e-07 1.15927 1.11881 3.4837e+11 6.11057e+18 107.786 73.1657 0.0258191 0 0 0.174677 0 0 0.00236666 0 0 0.172311 0 0 0 6.11057e+18 -9.63791e+20 3.48718e+19 1.3372e+18 -1e+21 
10.4863 1.06421 -0.0545983 0.597023 -1.27888e-07 1.15927 1.11881 3.88127e+11 6.11057e+18 107.979 73.1657 0.00243874 0 0 0.174677 0 0 0.000330151 0 0 0.174347 0 0 0 6.11057e+18 -9.59659e+20 3.88515e+19 1.48981e+18 -1e+21 
10.5954 1.06421 -0.0545982 0.596184 -1.01208e-07 1.15927 1.11881 3.75728e+11 6.11057e+18 107.944 73.1657 0.00244795 0 0 0.174677 0 0 -0.0013483 0 0 0.176026 0 0 0 6.11057e+18 -9.60947e+20 3.76104e+19 1.44222e+18 -1e+21 
10.6854 1.06421 -0.0545982 0.593189 -7.89929e-08 1.15927 1.11881 3.34632e+11 6.11057e+18 107.785 73.1657 0.00245761 0 0 0.174677 0 0 -0.00273772 0 0 0.177415 0 0 0 6.11057e+18 -9.65219e+20 3.34967e+19 1.28447e+18 -1e+21 
10.7597 1.06421 -0.0545982 0.588544 -6.05249e-08 1.15927 1.11881 2.7959e+11 6.11057e+18 107.571 73.1657 0.00246562 0 0 0.174677 0 0 -0.0038905 0 0 0.178568 0 0 0 6.11057e+18 -9.7094e+20 2.7987e+19 1.07319e+18 -1e+21 
10.8211 1.06421 -0.0545982 0.582309 -4.51909e-08 1.15927 1.11881 2.19673e+11 6.11057e+18 107.247 73.1657 0.00247227 0 0 0.174677 0 0 -0.00484788 0 0 0.179525 0 0 0 6.11057e+18 -9.77167e+20 2.19893e+19 8.43207e+17 -1e+21 
10.8717 1.06421 -0.0545982 0.574159 -3.24723e-08 1.15927 1.11881 1.60274e+11 6.11057e+18 106.686 73.1657 0.00247779 0 0 0.174677 0 0 -0.00564314 0 0 0.18032 0 0 0 6.11057e+18 -9.83341e+20 1.60435e+19 6.15206e+17 -1e+21 
10.9135 1.06421 -0.0545982 0.563088 -2.19318e-08 1.15927 1.11881 1.04444e+11 6.11057e+18 105.486 73.1657 0.00248251 0 0 0.174677 0 0 -0.00630355 0 0 0.180981 0 0 0 6.11057e+18 -9.89144e+20 1.04548e+19 4.00903e+17 -1e+21 
10.948 1.06421 -0.0545982 0.545999 -1.32025e-08 1.15927 1.11881 5.39256e+10 6.11057e+18 101.46 73.1657 0.00249292 0 0 0.174677 0 0 -0.00685172 0 0 0.181529 0 0 0 6.11057e+18 -9.94395e+20 5.39796e+18 2.06991e+17 -1e+21 
10.9765 1.06421 -0.0545981 0.507165 -5.97731e-09 1.15927 1.11881 1.20068e+10 6.11057e+18 67.1889 73.1657 0.00250909 0 0 0.174677 0 0 -0.00730637 0 0 0.181984 0 0 0 6.11057e+18 -9.98752e+20 1.20188e+18 4.60874e+16 -1e+21 
11 1.06421 -0.0545981 0 0 1.15927 1.11881 36.2604 6.11057e+18 36.1083 73.1657 0.00251671 0 0 0.174677 0 0 -0.00749442 0 0 0.182172 0 0 0 6.11057e+18 -1e+21 0 -1.38197e-08 -1e+21 