# This file was generated by TiberCAD (GraceIO.C)
# Stores 1D nodal data in format suitable for Grace
# x	state_number_0	state_number_1	state_number_2	state_number_3	state_number_4	state_number_5	state_number_6	state_number_7	state_number_8	state_number_9	state_number_10	state_number_11	state_number_12	state_number_13	state_number_14	state_number_15	state_number_16	state_number_17	state_number_18	state_number_19	state_number_20	state_number_21	state_number_22	state_number_23	state_number_24	state_number_25	state_number_26	state_number_27	state_number_28	state_number_29	state_number_30	state_number_31	state_number_32	state_number_33	state_number_34	state_number_35	state_number_36	state_number_37	state_number_38	state_number_39	state_number_40	state_number_41	state_number_42	state_number_43	state_number_44	state_number_45	state_number_46	state_number_47	state_number_48	state_number_49	state_number_50	state_number_51	state_number_52	state_number_53	state_number_54	state_number_55	state_number_56	state_number_57	state_number_58	state_number_59	state_number_60	state_number_61	state_number_62	state_number_63	weight_0	weight_1	weight_2	weight_3	weight_4	weight_5	weight_6	weight_7	weight_8	weight_9	weight_10	weight_11	weight_12	weight_13	weight_14	weight_15	weight_16	weight_17	weight_18	weight_19	weight_20	weight_21	weight_22	weight_23	weight_24	weight_25	weight_26	weight_27	weight_28	weight_29	weight_30	weight_31	weight_32	weight_33	weight_34	weight_35	weight_36	weight_37	weight_38	weight_39	weight_40	weight_41	weight_42	weight_43	weight_44	weight_45	weight_46	weight_47	weight_48	weight_49	weight_50	weight_51	weight_52	weight_53	weight_54	weight_55	weight_56	weight_57	weight_58	weight_59	weight_60	weight_61	weight_62	weight_63
0	-0.7158414348	-0.7158638203	-0.7362565619	-1.446477772	-1.44647778	-1.44650577	-1.446505777	-1.976973083	-1.976989305	-1.976989305	-2.085233287	-2.085264864	-2.838206423	-2.838206423	-2.838214009	-2.889931068	-2.889931085	-2.889934046	-2.889934299	-2.889934317	-2.889934523	-2.934553064	-2.934553554	-2.934568625	-2.934568644	-2.934571635	-2.934571655	-3.605345232	-3.605362976	-3.605362976	-4.639704646	-4.639704646	-4.639708042	-4.813959433	-4.813959433	-6.791184391	-6.791184391	-6.791219124	-7.54637706	-7.691470384	-7.691470384	-7.691470455	-7.691470455	-7.691493787	-7.691493794	-7.765450234	-7.765450234	-7.76545897	2.815820686	4.928085476	4.928085476	5.317407943	5.317408043	5.317409459	5.317409466	5.31740978	5.317409788	5.382904768	5.382904768	5.382905262	5.564602519	6.04190863	6.04190863	6.041913671	-1.214306433e-17	-5.204170428e-18	1.734723476e-18	2.602085214e-18	-1.734723476e-18	3.469446952e-18	-1.214306433e-17	5.204170428e-18	1.750122876e-11	1	1.214306433e-17	-5.204170428e-18	0.9999999907	9.32998705e-09	-3.035766083e-17	1.864827737e-17	6.938893904e-18	6.938893904e-18	8.239936511e-18	-2.428612866e-17	1.127570259e-17	1.908195824e-17	2.081668171e-17	8.67361738e-18	1.517883041e-18	-1.214306433e-17	-1.691355389e-17	1.82145965e-17	9.612071382e-11	0.9999999999	0.9999999585	4.151205957e-08	0	6.071532166e-18	0	0.9999999996	3.679157083e-10	-1.994931997e-17	6.071532166e-18	0	-9.107298249e-18	-1.170938346e-17	-1.040834086e-17	1.214306433e-17	7.806255642e-18	0.9999999832	1.681774847e-08	-3.382710778e-17	-6.071532166e-18	0	6.938893904e-18	2.038300084e-17	-9.107298249e-18	8.67361738e-18	-2.602085214e-17	3.469446952e-18	-1.778091563e-17	0.9999999971	2.916125953e-09	1.05818132e-16	3.469446952e-18	0.999999981	1.90099679e-08	-3.903127821e-18	
0.4550137461	-0.7212331051	-0.7402896188	-0.7624932184	-1.454142137	-1.454142692	-1.471287898	-1.47128844	-1.972628526	-1.992385589	-1.992400912	-2.093654768	-2.11276045	-2.819079673	-2.836356372	-2.836364712	-2.846683423	-2.846688513	-2.853211287	-2.853215959	-2.892574619	-2.892578441	-2.930001917	-2.930005522	-2.984496398	-2.984506236	-2.991637957	-2.991647363	-3.600802238	-3.618529522	-3.618546573	-4.640616529	-4.640619617	-4.6499727	-4.817521248	-4.817521251	-6.76817797	-6.785034791	-6.785070055	-7.544463979	-7.676243299	-7.676243371	-7.686471346	-7.686495049	-7.686810775	-7.686834465	-7.761551501	-7.761560168	-7.762584111	2.855476383	4.951733412	4.951733418	5.327127605	5.327127939	5.334491103	5.334492395	5.338962289	5.338963456	5.3903952	5.417276704	5.417278378	5.589257972	6.043296686	6.062519215	6.062525059	-2.081668171e-17	-2.081668171e-17	0	3.989863995e-17	-6.938893904e-18	6.938893904e-18	1.387778781e-17	1	2.602085214e-17	-3.209238431e-17	-1.647987302e-17	-1.908195824e-17	1	-2.602085214e-18	8.67361738e-18	-1.474514955e-17	-2.602085214e-18	1.127570259e-17	7.806255642e-18	9.107298249e-18	-2.949029909e-17	8.67361738e-18	1.366094737e-17	-2.341876693e-17	-5.204170428e-18	-8.67361738e-19	-6.938893904e-18	1	-3.295974604e-17	-3.469446952e-18	4.857225733e-17	2.428612866e-17	1	-2.602085214e-18	-1.127570259e-17	1	4.510281038e-17	5.377642776e-17	6.071532166e-18	-4.33680869e-18	-6.938893904e-18	9.540979118e-18	-1.474514955e-17	-1.127570259e-17	-1.82145965e-17	1.040834086e-17	3.156329365e-15	1	-4.33680869e-18	1.517883041e-17	-8.67361738e-18	-6.938893904e-18	-1.301042607e-17	-3.07913417e-17	-1.778091563e-17	-3.035766083e-18	4.33680869e-19	1	7.372574773e-18	1.214306433e-17	-8.67361738e-19	1	-3.556183126e-17	-1.387778781e-17	
0.9100274922	-0.7372933455	-0.7538167482	-0.8945103754	-1.476830849	-1.476831182	-1.543466073	-1.543466383	-1.959587366	-2.037543903	-2.037558344	-2.11851304	-2.193577176	-2.763857124	-2.802200637	-2.802205939	-2.808487738	-2.808492848	-2.830807069	-2.830816056	-2.899793774	-2.899801971	-2.916843533	-2.916851517	-3.068547081	-3.068555695	-3.076032989	-3.076041397	-3.587147754	-3.657190937	-3.657207525	-4.643246144	-4.643249193	-4.678467489	-4.828532485	-4.828532491	-6.700541952	-6.766876148	-6.766911458	-7.538779746	-7.630879007	-7.63087908	-7.672002059	-7.672025801	-7.672695372	-7.672719081	-7.749980491	-7.749989049	-7.753242071	2.967905013	5.020222743	5.020222757	5.355807205	5.355807548	5.388548261	5.388549277	5.397622048	5.397622919	5.41302392	5.519264631	5.519267377	5.660752546	6.046427089	6.122624603	6.122631067	-6.071532166e-18	1.647987302e-17	-4.943961907e-17	1.127570259e-17	-4.510281038e-17	1.040834086e-17	-1.778091563e-17	1	8.67361738e-18	-7.806255642e-18	-1.734723476e-18	2.862293735e-17	1	-2.775557562e-17	-1.040834086e-17	-1.82145965e-17	-1.127570259e-17	4.076600169e-17	3.122502257e-17	1.734723476e-17	6.938893904e-18	8.67361738e-18	9.757819552e-18	-1.647987302e-17	5.204170428e-18	-4.33680869e-18	6.071532166e-18	1	1.82145965e-17	-2.341876693e-17	-6.938893904e-18	6.938893904e-18	1	-6.938893904e-18	1.127570259e-17	1	2.602085214e-18	-6.071532166e-18	1.647987302e-17	7.806255642e-18	2.428612866e-17	-2.602085214e-18	7.806255642e-18	-1.734723476e-18	-8.67361738e-19	-3.469446952e-18	1.150121665e-15	1	3.6429193e-17	-1.994931997e-17	-8.67361738e-19	-8.67361738e-18	7.806255642e-18	3.035766083e-18	1.127570259e-17	5.637851297e-18	1.647987302e-17	1	3.469446952e-18	-7.372574773e-18	-1.214306433e-17	1	4.33680869e-19	2.341876693e-17	
1.365041238	-0.7638309152	-0.7759436322	-1.09702756	-1.513838105	-1.513838381	-1.65679205	-1.656792296	-1.937989381	-2.109351684	-2.109365261	-2.158867085	-2.322792373	-2.678105125	-2.767231943	-2.767236711	-2.772958164	-2.772962795	-2.821650885	-2.821660336	-2.891326502	-2.891332432	-2.91487245	-2.914878171	-3.166762214	-3.166770479	-3.174216143	-3.174224261	-3.564484026	-3.718712131	-3.718728452	-4.647280342	-4.647283637	-4.719143253	-4.847981765	-4.847981773	-6.591825841	-6.737575995	-6.737610854	-7.52949333	-7.556312568	-7.556312641	-7.648646495	-7.648669965	-7.649719586	-7.649743006	-7.731123409	-7.731131802	-7.735793698	3.137190376	5.126661407	5.126661436	5.402044292	5.402044647	5.451186452	5.474927079	5.474927972	5.488803391	5.488804126	5.68561421	5.685617887	5.771956931	6.048307974	6.217188905	6.217195739	1.734723476e-18	-2.602085214e-18	1.387778781e-17	2.732189475e-17	1.387778781e-17	1.214306433e-17	-8.890457814e-18	1	1.387778781e-17	6.071532166e-18	-3.122502257e-17	3.295974604e-17	1	-8.67361738e-18	8.67361738e-18	1.474514955e-17	3.469446952e-18	1.301042607e-17	8.67361738e-18	5.854691731e-18	5.204170428e-18	1.214306433e-17	1.734723476e-18	-3.469446952e-18	-8.67361738e-18	-3.469446952e-18	0	1	3.6429193e-17	3.469446952e-18	1.040834086e-17	-8.67361738e-18	1	0	5.204170428e-18	1	7.806255642e-18	1.474514955e-17	1.474514955e-17	1.82145965e-17	0	4.33680869e-18	2.602085214e-18	1.474514955e-17	-6.938893904e-18	1.387778781e-17	1.09287579e-15	1	1.561251128e-17	3.6429193e-17	-7.806255642e-18	3.469446952e-18	-2.775557562e-17	1	2.992397996e-17	-3.035766083e-18	3.469446952e-18	1.778091563e-17	1.040834086e-17	1.778091563e-17	-3.469446952e-18	1	1.344410694e-17	-3.469446952e-18	
1.820054984	-0.8004443053	-0.8067425965	-1.351986354	-1.564020781	-1.564021038	-1.802138441	-1.80213866	-1.908042543	-2.203051711	-2.203064417	-2.213230592	-2.493182868	-2.568887802	-2.740591196	-2.740595329	-2.7456759	-2.745679925	-2.80924528	-2.809254942	-2.859817673	-2.859819706	-2.930641072	-2.930642903	-3.275848352	-3.27585635	-3.283107812	-3.283115692	-3.532956554	-3.798961166	-3.798977357	-4.652206275	-4.652210104	-4.764065887	-4.877543413	-4.877543423	-6.446525371	-6.69858028	-6.698614174	-7.454060538	-7.454060609	-7.516900455	-7.617398532	-7.617421399	-7.618883461	-7.618906264	-7.70565868	-7.70566683	-7.708950335	3.345077629	5.260901684	5.260901734	5.463563114	5.463563485	5.505296389	5.586506327	5.58650726	5.605337745	5.605338517	5.911267239	5.911271691	5.911798167	6.044356128	6.338267867	6.33827475	-1.734723476e-17	-2.081668171e-17	1.301042607e-17	-1.387778781e-17	-1.734723476e-18	2.602085214e-17	3.07913417e-17	1	2.602085214e-17	-1.387778781e-17	-5.464378949e-17	-3.295974604e-17	1	-5.204170428e-18	1.647987302e-17	-2.428612866e-17	1.387778781e-17	1.214306433e-17	4.943961907e-17	-2.949029909e-17	-4.163336342e-17	5.03069808e-17	-2.471980953e-17	-1.734723476e-18	1.127570259e-17	2.255140519e-17	-1.734723476e-18	1	5.898059818e-17	-9.540979118e-18	-4.33680869e-18	1.908195824e-17	1	-8.67361738e-19	2.341876693e-17	1	8.67361738e-19	4.163336342e-17	-3.122502257e-17	2.341876693e-17	4.33680869e-18	2.168404345e-17	9.540979118e-18	-9.540979118e-18	8.67361738e-19	1.561251128e-17	3.309852392e-15	1	-2.775557562e-17	7.806255642e-18	6.938893904e-18	-1.561251128e-17	-2.168404345e-18	1	-3.903127821e-18	-5.204170428e-18	-8.67361738e-19	-1.25767452e-17	4.33680869e-18	6.331740687e-17	-2.775557562e-17	1	-1.778091563e-17	3.469446952e-17	
2.27506873	-0.8455857474	-0.8471839821	-1.625900853	-1.625901102	-1.643748789	-1.870042251	-1.968760377	-1.968760582	-2.279746459	-2.312679627	-2.312691392	-2.44317054	-2.696240374	-2.720616682	-2.720620214	-2.725053949	-2.725057392	-2.79430372	-2.79431329	-2.819021355	-2.819022506	-2.949319084	-2.94932004	-3.392073532	-3.392081167	-3.399028509	-3.399036046	-3.492775843	-3.892710384	-3.892726526	-4.657317214	-4.657321858	-4.804923712	-4.919581206	-4.919581218	-6.269138475	-6.651909555	-6.651941948	-7.326170733	-7.326170804	-7.501445081	-7.579680159	-7.579702068	-7.58160867	-7.581630506	-7.672706035	-7.674602287	-7.674610086	3.575674899	5.410977388	5.410977466	5.537312184	5.537312573	5.575440906	5.714481707	5.71448282	5.738230976	5.738231936	6.029131186	6.066175425	6.189694729	6.189699811	6.47564193	6.47564844	-1.734723476e-18	-8.67361738e-19	1.409462824e-18	6.938893904e-18	-1.127570259e-17	1	-1.387778781e-17	-2.233456475e-17	-2.602085214e-18	-1.214306433e-17	-3.035766083e-17	1	-2.862293735e-17	-2.081668171e-17	5.204170428e-18	4.33680869e-18	6.071532166e-18	-7.806255642e-18	1.994931997e-17	-1.301042607e-18	-1.214306433e-17	2.428612866e-17	9.974659987e-18	-2.428612866e-17	-1.214306433e-17	7.806255642e-18	-4.33680869e-18	1	3.903127821e-17	-3.556183126e-17	-4.33680869e-18	4.250072516e-17	1	8.67361738e-18	-8.67361738e-19	1	-9.540979118e-18	8.67361738e-19	1.734723476e-17	-3.512815039e-17	-2.602085214e-17	8.67361738e-18	-5.204170428e-18	-9.540979118e-18	-3.469446952e-18	1	1.647987302e-17	1.258281673e-14	2.688821388e-17	-5.204170428e-18	2.428612866e-17	5.637851297e-18	-7.806255642e-18	1	5.204170428e-18	1.734723476e-18	-4.33680869e-18	-1.127570259e-17	1	3.382710778e-17	-1.301042607e-17	1.647987302e-17	1.040834086e-17	6.938893904e-18	
2.730082477	-0.8941725339	-0.9016426007	-1.69776329	-1.697763538	-1.824375416	-1.960192377	-2.14539466	-2.145394856	-2.307041688	-2.35635738	-2.43146957	-2.431480217	-2.70580648	-2.705809474	-2.709639765	-2.709642686	-2.769698286	-2.769699074	-2.777884311	-2.777893449	-2.923091749	-2.968833217	-2.96883382	-3.444221538	-3.510906672	-3.510913772	-3.517479715	-3.517486732	-3.994181026	-3.994197151	-4.661710766	-4.661716483	-4.833725255	-4.977070629	-4.977070642	-6.063794201	-6.60014085	-6.600171179	-7.1751732	-7.175173268	-7.483749771	-7.53735709	-7.53737766	-7.539753693	-7.539774185	-7.628671893	-7.639357483	-7.639364789	3.816845494	5.564455488	5.564455602	5.619595841	5.619596248	5.660817848	5.84932662	5.849327998	5.877644557	5.877645804	5.997608011	6.21907704	6.512474156	6.512480005	6.618197321	6.618202632	-1.908195824e-17	1.647987302e-17	1.203464411e-17	-2.602085214e-17	1	-6.071532166e-18	2.081668171e-17	1.929879867e-17	1	-1.734723476e-17	1.474514955e-17	6.938893904e-18	-4.33680869e-18	2.602085214e-18	3.469446952e-18	-9.540979118e-18	2.363560736e-17	-6.938893904e-18	-4.33680869e-18	2.168404345e-17	6.938893904e-18	3.469446952e-18	3.035766083e-18	1	-9.540979118e-18	-6.071532166e-18	-8.67361738e-18	5.204170428e-18	-3.469446952e-18	-2.775557562e-17	-3.556183126e-17	1.040834086e-17	1	-6.938893904e-18	2.602085214e-18	1	-6.071532166e-18	1.301042607e-17	2.255140519e-17	-1.214306433e-17	-2.255140519e-17	3.469446952e-18	-1.387778781e-17	-8.67361738e-18	-8.67361738e-18	1	8.67361738e-18	4.640385298e-16	1.301042607e-17	0	1.82145965e-17	1.170938346e-17	2.125036258e-17	1	-5.637851297e-18	1.604619215e-17	-2.168404345e-18	9.974659987e-18	1	-1.95156391e-17	6.071532166e-18	1.561251128e-17	-1.734723476e-17	-5.204170428e-18	
3.185096223	-0.9513341353	-0.9641350573	-1.771525437	-1.777754634	-1.777754883	-2.165532691	-2.292094497	-2.321121555	-2.321121745	-2.441101408	-2.552026139	-2.552035267	-2.694935523	-2.694938041	-2.698244057	-2.698246515	-2.712315985	-2.712316585	-2.7614508	-2.761459046	-2.987180035	-2.987180461	-3.165122853	-3.387647713	-3.627242323	-3.627248666	-3.633383379	-3.633389653	-4.097580882	-4.097596973	-4.664283727	-4.664290736	-4.842934042	-5.053346106	-5.053346121	-5.834304832	-6.546353175	-6.546380847	-7.00404628	-7.004046345	-7.464654225	-7.492738873	-7.492757693	-7.495613916	-7.495632657	-7.579931665	-7.601753567	-7.601760209	4.059890414	5.706232963	5.706233388	5.709619222	5.709619381	5.757769567	5.947994945	5.981781585	5.981783237	6.013966145	6.013967696	6.354249583	6.748487782	6.74849329	6.875097976	6.875102274	-5.204170428e-18	-6.071532166e-18	1	2.255140519e-17	-1.561251128e-17	1	-1.908195824e-17	1.908195824e-17	3.77302356e-17	-1.82145965e-17	2.255140519e-17	-3.122502257e-17	-2.081668171e-17	-6.938893904e-18	-3.469446952e-18	8.67361738e-18	-2.927345866e-17	-6.938893904e-18	1.387778781e-17	5.464378949e-17	-5.204170428e-18	-1.517883041e-17	-1.734723476e-17	1	5.204170428e-18	0	-1.734723476e-18	-2.081668171e-17	3.122502257e-17	0	-7.806255642e-18	2.51534904e-17	1	7.806255642e-18	-1.474514955e-17	1	-7.806255642e-18	1.474514955e-17	-6.071532166e-18	7.806255642e-18	-3.469446952e-18	3.469446952e-18	-4.33680869e-18	6.071532166e-18	5.204170428e-18	1	-1.994931997e-17	1.283695372e-16	-1.127570259e-17	2.168404345e-18	-9.540979118e-18	1.214306433e-17	1.214306433e-17	1	1	-7.806255642e-18	-9.107298249e-18	-9.107298249e-18	6.938893904e-18	-1.301042607e-17	-2.862293735e-17	2.168404345e-17	-1.734723476e-18	3.035766083e-17	
3.640109969	-1.017641733	-1.033084102	-1.712077801	-1.863971997	-1.86397225	-2.022698602	-2.48613673	-2.486136915	-2.530091588	-2.63439987	-2.647392806	-2.647393296	-2.664859874	-2.664865761	-2.687056234	-2.687058325	-2.689942345	-2.689944388	-2.74847076	-2.748476453	-3.00209107	-3.002091395	-3.323489805	-3.414303226	-3.735683069	-3.735688392	-3.741369699	-3.741374966	-4.19754607	-4.197562042	-4.663753332	-4.663761779	-4.825355132	-5.151582567	-5.151582583	-5.584521588	-6.494002465	-6.494026862	-6.81620815	-6.816208211	-7.445259068	-7.448542003	-7.44855864	-7.451885009	-7.451901571	-7.530575148	-7.56405041	-7.564056196	4.298788717	5.792726244	5.792726683	5.826160315	5.836515831	5.83651604	5.915873292	6.103671048	6.1036729	6.138749197	6.138750981	6.457670442	6.863247169	6.863250571	7.249674634	7.249677726	-1.734723476e-18	1.647987302e-17	1	-1.713039433e-17	-1.214306433e-17	1	-1.908195824e-17	2.298508606e-17	1.82145965e-17	2.341876693e-17	-9.107298249e-18	-3.122502257e-17	7.806255642e-18	-2.51534904e-17	8.67361738e-19	-1.734723476e-18	-4.33680869e-18	7.806255642e-18	1.301042607e-17	2.862293735e-17	0	-9.974659987e-18	1	5.204170428e-18	7.806255642e-18	-2.949029909e-17	1.301042607e-17	-6.071532166e-18	0	1.734723476e-18	1.127570259e-17	0	1	8.67361738e-19	-1.127570259e-17	1	5.204170428e-18	-1.474514955e-17	-2.602085214e-17	-2.471980953e-17	4.857225733e-17	1.301042607e-17	-8.67361738e-18	-1.561251128e-17	4.33680869e-18	1	-6.071532166e-18	3.816391647e-17	1.908195824e-17	-6.505213035e-18	-1.170938346e-17	1	-6.071532166e-18	-3.469446952e-18	1	6.938893904e-18	9.974659987e-18	6.505213035e-18	1.691355389e-17	-6.071532166e-18	-1.431146868e-17	9.540979118e-18	-2.125036258e-17	-2.081668171e-17	
4.095123715	-1.093284041	-1.10715247	-1.646725804	-1.881759884	-1.954536248	-1.954536508	-2.57553723	-2.575537649	-2.624530116	-2.632554039	-2.632554222	-2.68146348	-2.681465181	-2.684038502	-2.684040167	-2.719508223	-2.719515377	-2.783407251	-2.783413734	-2.97849038	-3.010984034	-3.010984299	-3.252273301	-3.663321413	-3.830825975	-3.830829991	-3.836067679	-3.83607165	-4.289416512	-4.289432166	-4.658787114	-4.658796999	-4.773675712	-5.274018298	-5.274018316	-5.319221995	-6.446691746	-6.446712247	-6.615537662	-6.615537718	-7.407785857	-7.407799868	-7.411559656	-7.4115736	-7.426967275	-7.484995031	-7.528875272	-7.528879999	4.529479394	5.75070999	5.874418456	5.874418906	5.93781363	5.937813892	6.012645736	6.208372146	6.208374056	6.245289277	6.245291154	6.520139684	6.949153862	6.949155214	7.450823377	7.450827309	0	3.6429193e-17	1	1	5.746271514e-18	2.949029909e-17	1.734723476e-18	1.040834086e-17	-3.382710778e-17	8.67361738e-18	4.33680869e-19	0	-1.387778781e-17	-2.081668171e-17	1.734723476e-18	-1.647987302e-17	-4.33680869e-18	1.734723476e-18	2.602085214e-18	1.561251128e-17	-3.469446952e-18	1.561251128e-17	1	9.540979118e-18	-1.214306433e-17	8.67361738e-19	-9.540979118e-18	-1.734723476e-18	2.51534904e-17	2.081668171e-17	1.301042607e-17	8.67361738e-18	1	1.82145965e-17	6.071532166e-18	1	-1.127570259e-17	8.67361738e-18	-8.67361738e-18	1.691355389e-17	-1.387778781e-17	-2.081668171e-17	1.734723476e-18	-6.071532166e-18	8.67361738e-18	1	4.33680869e-18	4.597017211e-17	2.255140519e-17	1	-2.038300084e-17	-9.107298249e-18	1.95156391e-17	8.67361738e-19	1	-1.214306433e-17	-4.770489559e-18	2.428612866e-17	2.905661822e-17	-2.732189475e-17	0	-2.471980953e-17	1.084202172e-17	-8.67361738e-19	
4.550137461	-1.178020949	-1.18530432	-1.576275639	-1.745231984	-2.047647022	-2.047647291	-2.497463598	-2.497463968	-2.67765322	-2.677654553	-2.680022385	-2.680023696	-2.71253771	-2.712544262	-2.720421242	-2.755138041	-2.755138223	-2.863944494	-2.863949257	-3.010927184	-3.010927412	-3.174624129	-3.321825495	-3.905707174	-3.907577965	-3.907580383	-3.91242317	-3.912425556	-4.369163349	-4.369178215	-4.648435496	-4.648446497	-4.678406371	-5.046759155	-5.421133339	-5.421133361	-6.406418105	-6.406418156	-6.407834102	-6.407850128	-7.373589259	-7.37360022	-7.377726032	-7.37773694	-7.411506849	-7.447061409	-7.499052404	-7.499055878	4.749273275	5.630739601	5.946613459	5.946613912	6.009276413	6.009276727	6.134984815	6.290903154	6.290904945	6.32874611	6.328747899	6.538489201	7.004269532	7.004270028	7.457113323	7.457119416	-6.938893904e-18	4.33680869e-18	1	1	-8.348356728e-18	8.67361738e-18	2.059984128e-18	-1.387778781e-17	3.469446952e-18	-4.33680869e-18	-1.387778781e-17	1.734723476e-17	3.382710778e-17	-7.806255642e-18	8.67361738e-19	2.081668171e-17	-2.602085214e-18	-8.67361738e-18	5.204170428e-17	-2.255140519e-17	2.255140519e-17	1	-5.204170428e-18	6.938893904e-18	1.561251128e-17	1.127570259e-17	-8.67361738e-19	-1.214306433e-17	-1.127570259e-17	1.647987302e-17	3.382710778e-17	5.117434254e-17	1	1	3.469446952e-18	-1.344410694e-17	1.040834086e-17	1.084202172e-17	7.806255642e-18	-1.994931997e-17	1.734723476e-17	1.994931997e-17	1.214306433e-17	1.040834086e-17	0	1	3.469446952e-18	4.510281038e-17	1.040834086e-17	1	-4.33680869e-19	-3.469446952e-18	-7.372574773e-18	4.33680869e-18	1	-1.604619215e-17	8.67361738e-18	2.125036258e-17	-4.33680869e-18	-2.645453301e-17	-2.602085214e-17	9.107298249e-18	1.734723476e-18	3.035766083e-17	
5.005151207	-1.263304665	-1.274692158	-1.501649386	-1.615030719	-2.141620184	-2.141620466	-2.41400404	-2.414004376	-2.675284818	-2.675285798	-2.677535367	-2.677536337	-2.704983133	-2.704988317	-2.816438701	-2.851655269	-2.851655452	-2.923910645	-2.923912658	-2.99861978	-2.998619985	-3.091280631	-3.659267375	-3.961532035	-3.961532601	-3.966074222	-3.966074772	-4.136249088	-4.432392231	-4.432405	-4.521286807	-4.633394509	-4.6334054	-4.786214888	-5.591167779	-5.591167804	-6.193780899	-6.193780944	-6.380275061	-6.380286127	-7.348852255	-7.348859801	-7.353253224	-7.353260734	-7.400904626	-7.419395481	-7.477298343	-7.477300403	4.956368893	5.488365155	6.004655705	6.004656153	6.049689371	6.049689732	6.255838287	6.347766585	6.347768073	6.385927157	6.385928677	6.514785808	7.033435986	7.033437765	7.460017378	7.460023323	-2.51534904e-17	-2.602085214e-17	1	1	-5.410168841e-17	6.938893904e-18	-7.155734338e-18	-6.938893904e-18	3.6429193e-17	-6.071532166e-18	3.469446952e-18	1.127570259e-17	4.076600169e-17	-1.474514955e-17	4.33680869e-18	-6.938893904e-18	-9.540979118e-18	-2.862293735e-17	-2.602085214e-18	1.040834086e-17	-5.204170428e-18	1	-3.729655473e-17	-1.214306433e-17	3.469446952e-18	-1.994931997e-17	-7.806255642e-18	-8.67361738e-19	-1.82145965e-17	-3.6429193e-17	1	-2.081668171e-17	1.214306433e-17	1	-4.33680869e-18	6.071532166e-18	6.938893904e-18	-2.298508606e-17	-1.214306433e-17	-4.423544864e-17	-1.387778781e-17	-1.301042607e-17	-1.301042607e-17	2.51534904e-17	1.734723476e-17	1	-1.214306433e-17	0	1.908195824e-17	1	-3.209238431e-17	-9.107298249e-18	1.95156391e-17	-9.540979118e-18	1	-7.806255642e-18	-4.770489559e-18	-2.428612866e-17	1.431146868e-17	-8.239936511e-18	-9.540979118e-18	2.081668171e-17	1.431146868e-17	1.301042607e-18	
5.460164953	-1.34410112	-1.378828077	-1.423882424	-1.492563176	-2.234910174	-2.234910471	-2.326119403	-2.326119715	-2.674149918	-2.674150547	-2.676348031	-2.676348663	-2.700876154	-2.700879911	-2.911107814	-2.922604825	-2.922605013	-2.955313668	-2.955314658	-2.970434522	-2.970434712	-3.003106876	-3.984131031	-3.989394506	-3.989395964	-3.993770976	-3.993772432	-4.28227227	-4.352556379	-4.470953697	-4.470960524	-4.560684989	-4.619477521	-4.619484481	-5.780258216	-5.780258246	-5.983100168	-5.983100206	-6.365998771	-6.366004542	-7.335853131	-7.335857002	-7.340393647	-7.340397501	-7.397364976	-7.40300088	-7.465804019	-7.465804561	5.149437076	5.327251635	6.043993725	6.043994158	6.060292471	6.060292869	6.365389431	6.376740538	6.376741568	6.414949172	6.414950266	6.45457249	7.045083517	7.04508597	7.463500295	7.46350513	-1.127570259e-17	-4.250072516e-17	1	1	2.883977779e-17	-1.734723476e-17	1.105886216e-17	-8.67361738e-18	5.204170428e-18	-2.602085214e-18	-1.040834086e-17	-1.387778781e-17	2.602085214e-18	3.122502257e-17	-3.295974604e-17	8.67361738e-18	9.540979118e-18	1.127570259e-17	1.387778781e-17	1.040834086e-17	-3.469446952e-18	1	-1.994931997e-17	7.806255642e-18	-2.081668171e-17	-8.67361738e-18	-1.127570259e-17	1	-2.688821388e-17	-1.301042607e-17	-6.938893904e-18	1	5.204170428e-18	2.775557562e-17	-1.127570259e-17	6.505213035e-18	9.540979118e-18	-1.127570259e-17	3.469446952e-18	1.647987302e-17	-1.040834086e-17	-2.341876693e-17	2.688821388e-17	-1.301042607e-17	-1.474514955e-17	1	-1.994931997e-17	1.734723476e-18	-5.03069808e-17	1	8.67361738e-19	8.67361738e-19	-4.33680869e-19	-1.431146868e-17	1	-2.602085214e-18	-3.903127821e-18	1.474514955e-17	6.505213035e-18	-4.380176777e-17	1.82145965e-17	1.734723476e-17	-1.604619215e-17	4.597017211e-17	
5.915178699	-1.34410021	-1.378826842	-1.423883318	-1.492564514	-2.234909129	-2.234909423	-2.326120416	-2.326120733	-2.674150101	-2.674150377	-2.676348207	-2.6763485	-2.700876915	-2.700879197	-2.911106756	-2.922604162	-2.922604345	-2.955311942	-2.955316023	-2.970434942	-2.970435139	-3.003107898	-3.984127466	-3.98939331	-3.989396841	-3.993769791	-3.9937733	-4.282275389	-4.352554003	-4.470954901	-4.470958832	-4.560687374	-4.619480205	-4.619482003	-5.780255987	-5.780256019	-5.98310252	-5.983102555	-6.366001575	-6.366001901	-7.335855101	-7.335855181	-7.340395605	-7.340395691	-7.397364968	-7.403001003	-7.465803853	-7.46580486	5.149434975	5.327253556	6.043993407	6.043993831	6.060292505	6.060292913	6.36538829	6.376740656	6.37674112	6.414949275	6.414949834	6.454573351	7.045083348	7.04508602	7.463501095	7.46350428	1	1	1.040834086e-17	1.474514955e-17	4.553649124e-18	-1.387778781e-17	-1.897353802e-17	-2.081668171e-17	-1.561251128e-17	6.938893904e-18	6.071532166e-18	0	1.214306433e-17	-1.040834086e-17	1	1.561251128e-17	1.474514955e-17	-8.67361738e-18	-3.469446952e-18	-2.255140519e-17	1.301042607e-17	-6.071532166e-18	1	3.469446952e-18	-9.540979118e-18	8.67361738e-18	1.82145965e-17	-1.908195824e-17	1	-1.387778781e-17	1.647987302e-17	5.117434254e-17	-1.908195824e-17	-7.806255642e-18	-1.647987302e-17	1.127570259e-17	-1.127570259e-17	1.040834086e-17	2.428612866e-17	-1.994931997e-17	-2.602085214e-18	9.540979118e-18	-8.67361738e-19	-1.040834086e-17	1	3.469446952e-18	1.301042607e-17	8.67361738e-19	1	2.688821388e-17	5.204170428e-18	4.33680869e-19	-1.778091563e-17	2.602085214e-18	3.209238431e-17	-1.301042607e-17	6.505213035e-18	0	3.035766083e-18	1	-1.994931997e-17	-2.558717127e-17	4.33680869e-18	-3.122502257e-17	
6.370192445	-1.263303745	-1.274691041	-1.50165025	-1.61503215	-2.141619122	-2.141619403	-2.414005007	-2.414005351	-2.675285284	-2.675285371	-2.677535844	-2.677535901	-2.704985408	-2.704986178	-2.81643762	-2.851654327	-2.851654506	-2.923907593	-2.92391466	-2.998619998	-2.99862021	-3.091281603	-3.659263612	-3.961529091	-3.961534609	-3.966071293	-3.966076771	-4.13624656	-4.432392182	-4.432403853	-4.521289038	-4.633396352	-4.633403922	-4.786217656	-5.591165738	-5.591165764	-6.193783308	-6.193783347	-6.380278298	-6.380283369	-7.348854412	-7.348858078	-7.353255373	-7.353259014	-7.40090471	-7.41939573	-7.477298311	-7.477300817	4.956366627	5.488366877	6.00465515	6.004655589	6.049689081	6.049689452	6.255836966	6.347766766	6.347766915	6.385927412	6.385927442	6.514786296	7.03343537	7.03343795	7.460019658	7.460020952	1	1	-3.469446952e-18	1.040834086e-17	3.469446952e-17	-1.908195824e-17	-1.550409107e-17	-1.040834086e-17	3.469446952e-18	-1.908195824e-17	2.081668171e-17	6.071532166e-18	-6.071532166e-18	2.602085214e-17	1	2.428612866e-17	-3.729655473e-17	5.204170428e-18	3.729655473e-17	2.255140519e-17	1.734723476e-17	-2.862293735e-17	1	-6.071532166e-18	2.775557562e-17	-1.82145965e-17	-7.806255642e-18	1	2.081668171e-17	2.602085214e-18	-5.377642776e-17	3.469446952e-18	2.255140519e-17	2.775557562e-17	1.734723476e-17	-1.604619215e-17	-2.862293735e-17	1.778091563e-17	3.989863995e-17	6.071532166e-18	4.33680869e-18	-1.301042607e-17	-3.469446952e-18	-9.540979118e-18	1	3.469446952e-18	3.729655473e-17	1.040834086e-17	1	-9.540979118e-18	9.540979118e-18	7.372574773e-18	-3.903127821e-18	-8.67361738e-19	-3.599551213e-17	-1.778091563e-17	1.691355389e-17	2.168404345e-18	-7.806255642e-18	1	2.645453301e-17	1.084202172e-17	-2.428612866e-17	-6.505213035e-18	
6.825206191	-1.178019948	-1.185303408	-1.576276461	-1.745233497	-2.04764596	-2.04764623	-2.497464508	-2.497464889	-2.677653687	-2.677654154	-2.680022865	-2.680023288	-2.712540698	-2.712541471	-2.720420153	-2.755136802	-2.755136981	-2.863941166	-2.863950945	-3.010927243	-3.010927479	-3.174625042	-3.321821634	-3.905704491	-3.90757478	-3.907582073	-3.912420002	-3.912427238	-4.36916227	-4.369177656	-4.648436456	-4.648445833	-4.67840775	-5.046762222	-5.42113154	-5.42113156	-6.406420504	-6.406420548	-6.40783738	-6.407847611	-7.373591467	-7.373598688	-7.377728232	-7.377735409	-7.411507	-7.447061784	-7.499052495	-7.499056381	4.749270857	5.630741095	5.946612719	5.946613161	6.009275775	6.0092761	6.134983419	6.290902883	6.290903629	6.328745899	6.32874651	6.53848924	7.004268143	7.004270493	7.457116149	7.457116558	1	1	4.33680869e-18	-2.341876693e-17	3.77302356e-17	-8.67361738e-18	3.252606517e-19	1.734723476e-17	-5.204170428e-18	2.168404345e-17	-9.540979118e-18	-6.071532166e-18	1.994931997e-17	-6.938893904e-18	1	4.510281038e-17	1.301042607e-17	-2.602085214e-18	-8.67361738e-19	-3.6429193e-17	-1.387778781e-17	-1.82145965e-17	1	1	1.82145965e-17	1.474514955e-17	1.387778781e-17	-2.255140519e-17	-3.295974604e-17	2.688821388e-17	3.035766083e-17	1.908195824e-17	1.994931997e-17	-3.469446952e-18	-2.428612866e-17	4.33680869e-18	-1.734723476e-18	0	-8.67361738e-19	-8.67361738e-19	-1.474514955e-17	0	8.67361738e-18	-3.209238431e-17	1	-1.127570259e-17	3.556183126e-17	-1.301042607e-17	1	-2.51534904e-17	-2.168404345e-18	4.33680869e-19	-4.813857646e-17	4.33680869e-18	-2.905661822e-17	-3.903127821e-18	-4.33680869e-19	-8.67361738e-19	-2.168404345e-18	1	2.038300084e-17	-6.505213035e-18	2.211772432e-17	-2.255140519e-17	
7.280219938	-1.093283132	-1.107151608	-1.646726574	-1.881761458	-1.954535204	-1.954535467	-2.575538074	-2.575538505	-2.624529038	-2.632552511	-2.632552692	-2.681463948	-2.681464817	-2.684038984	-2.684039795	-2.719510948	-2.719512642	-2.783403828	-2.783415301	-2.978486481	-3.010983973	-3.010984248	-3.252274145	-3.663318622	-3.830822618	-3.830831385	-3.836064339	-3.836073037	-4.289414706	-4.289432015	-4.658787393	-4.658796891	-4.773676521	-5.274016773	-5.274016789	-5.31922506	-6.446694991	-6.446709989	-6.615539993	-6.615540042	-7.407788056	-7.407798529	-7.411561846	-7.411572261	-7.42696747	-7.48499551	-7.52887546	-7.528880558	4.529476842	5.750711191	5.874417584	5.874418019	5.937812642	5.937812915	6.012644393	6.208371399	6.208372668	6.245288569	6.245289698	6.520139227	6.949152623	6.949154862	7.450824973	7.450825075	1	1	1.387778781e-17	1.474514955e-17	-3.45860493e-17	2.255140519e-17	-3.686287386e-18	1.561251128e-17	1	3.469446952e-17	3.295974604e-17	9.540979118e-18	2.602085214e-18	-6.071532166e-18	-1.647987302e-17	-9.540979118e-18	1.734723476e-18	7.806255642e-18	-6.071532166e-18	1	1.214306433e-17	6.071532166e-18	-5.204170428e-18	1	-6.071532166e-18	2.602085214e-18	-3.469446952e-18	3.469446952e-18	-2.949029909e-17	-8.67361738e-19	-2.255140519e-17	-2.775557562e-17	1.127570259e-17	-1.474514955e-17	-7.806255642e-18	1.301042607e-17	-2.428612866e-17	-2.602085214e-17	-1.214306433e-17	-4.770489559e-18	2.341876693e-17	-1.734723476e-17	-2.602085214e-18	6.938893904e-18	1	3.816391647e-17	-1.127570259e-17	9.540979118e-18	1	3.816391647e-17	1.734723476e-18	-1.040834086e-17	1.387778781e-17	2.949029909e-17	3.686287386e-17	1.734723476e-18	-8.239936511e-18	-2.602085214e-18	6.938893904e-18	1	-3.07913417e-17	-3.122502257e-17	0	2.385244779e-17	
7.735233684	-1.01764093	-1.03308329	-1.712078508	-1.863970991	-1.863971249	-2.022700213	-2.486134956	-2.48613514	-2.530090523	-2.634396	-2.647393573	-2.647394079	-2.664856319	-2.664866992	-2.687056705	-2.687058004	-2.689942832	-2.689944059	-2.748473425	-2.748473946	-3.002090924	-3.002091261	-3.323490572	-3.414300394	-3.735679619	-3.735689518	-3.741366267	-3.741376084	-4.197543778	-4.197562148	-4.663753122	-4.663762046	-4.82535551	-5.151581322	-5.151581337	-5.584524513	-6.4940056	-6.494024869	-6.81621036	-6.816210413	-7.445259284	-7.44854413	-7.448557487	-7.451887127	-7.451900416	-7.530575693	-7.564050663	-7.564056777	4.298786054	5.792725292	5.792725715	5.82616045	5.836514524	5.836514743	5.915872824	6.103669844	6.103671517	6.138748002	6.138749538	6.457669492	6.863246492	6.86324896	7.249670585	7.249673596	1	1	1.82145965e-17	7.697835425e-18	-2.949029909e-17	-1.301042607e-17	-1.908195824e-17	-1.582935172e-17	1	1	-2.341876693e-17	-2.602085214e-17	5.464378949e-17	9.714451465e-17	-1.127570259e-17	3.469446952e-18	2.428612866e-17	-9.540979118e-18	-1.040834086e-17	2.168404345e-17	-1.908195824e-17	9.540979118e-18	-4.250072516e-17	1	-9.540979118e-18	-9.540979118e-18	-1.561251128e-17	7.806255642e-18	-1.561251128e-17	-1.82145965e-17	-1.214306433e-17	0	-3.469446952e-17	1.040834086e-17	1.127570259e-17	-1.127570259e-17	-1.127570259e-17	2.688821388e-17	-9.540979118e-18	1.214306433e-17	1	2.51534904e-17	3.382710778e-17	-1.474514955e-17	2.949029909e-17	-1.127570259e-17	-1.734723476e-17	1.214306433e-17	1	-5.204170428e-18	1.734723476e-18	-2.341876693e-17	1.517883041e-17	-1.647987302e-17	-3.686287386e-17	9.107298249e-18	-3.035766083e-18	3.035766083e-18	1.734723476e-18	1	-3.556183126e-17	2.775557562e-17	2.341876693e-17	1.431146868e-17	
8.19024743	-0.9513334372	-0.9641343111	-1.771526074	-1.777753687	-1.777753942	-2.165534307	-2.292090686	-2.321119611	-2.321119801	-2.441100407	-2.552022534	-2.552036185	-2.694936004	-2.694937769	-2.698244556	-2.698246235	-2.712316667	-2.712317289	-2.761453367	-2.761456836	-2.987179835	-2.987180276	-3.16512006	-3.387648397	-3.627238872	-3.627249552	-3.633379945	-3.633390533	-4.097578309	-4.097597226	-4.664283194	-4.664291241	-4.842934076	-5.053345125	-5.053345138	-5.834307551	-6.54635612	-6.546379117	-7.004048322	-7.004048379	-7.464654445	-7.492740867	-7.492756715	-7.495615902	-7.495631677	-7.579932228	-7.601753854	-7.601760784	4.059887678	5.706231984	5.70623239	5.709617662	5.70961783	5.757768448	5.947995583	5.981779989	5.981781927	6.013964525	6.013966333	6.354248211	6.748487473	6.7484907	6.875094973	6.875096898	1	1	4.33680869e-18	4.33680869e-19	-2.428612866e-17	-1.734723476e-18	1	6.938893904e-18	-1.95156391e-17	1	-1.040834086e-17	1.994931997e-17	-1.561251128e-17	-2.602085214e-17	0	1.127570259e-17	-1.344410694e-17	-1.040834086e-17	2.341876693e-17	1.387778781e-17	1.214306433e-17	2.992397996e-17	1	-2.341876693e-17	7.806255642e-18	-1.040834086e-17	-1.474514955e-17	-1.040834086e-17	-2.775557562e-17	-2.602085214e-17	9.540979118e-18	-3.469446952e-18	1.214306433e-17	6.938893904e-18	-1.734723476e-17	-1.474514955e-17	2.602085214e-18	4.33680869e-18	4.33680869e-18	6.505213035e-18	1	-6.938893904e-18	4.33680869e-18	-1.040834086e-17	1.647987302e-17	2.602085214e-18	-9.540979118e-18	-5.204170428e-18	1	2.038300084e-17	8.239936511e-18	1.561251128e-17	8.67361738e-19	1.170938346e-17	-2.255140519e-17	-8.67361738e-19	0	1.691355389e-17	-4.33680869e-19	1	3.382710778e-17	1.431146868e-17	3.903127821e-18	3.295974604e-17	
8.645261176	-0.8941719378	-0.9016419351	-1.697762424	-1.697762679	-1.824375974	-1.960188694	-2.145392646	-2.145392844	-2.307043267	-2.356356464	-2.431466107	-2.431480942	-2.705806985	-2.705809255	-2.70964029	-2.709642461	-2.769698878	-2.769699692	-2.777886635	-2.777891503	-2.923089081	-2.968832989	-2.968833611	-3.444222133	-3.510903313	-3.51091445	-3.517476371	-3.517487405	-3.994178364	-3.994197474	-4.661710053	-4.661717113	-4.833725026	-4.977069879	-4.977069891	-6.063796668	-6.60014353	-6.600169706	-7.175175032	-7.175175093	-7.483749981	-7.537358897	-7.537376846	-7.539755494	-7.539773367	-7.628672424	-7.639357774	-7.63936533	3.816842741	5.564453774	5.564453896	5.619594887	5.619595274	5.660816804	5.849324749	5.849326811	5.877642633	5.877644574	5.997608473	6.219075381	6.512473186	6.512473274	6.618197103	6.618199618	1	1	4.011548038e-18	3.122502257e-17	-7.806255642e-18	1	6.938893904e-18	-7.806255642e-18	2.341876693e-17	1	-3.382710778e-17	-3.556183126e-17	7.806255642e-18	-2.081668171e-17	1.908195824e-17	1.387778781e-17	-1.734723476e-18	2.081668171e-17	-1.82145965e-17	-1.387778781e-17	1	-1.734723476e-18	6.938893904e-18	2.341876693e-17	1.734723476e-18	9.540979118e-18	-1.734723476e-18	7.806255642e-18	1.301042607e-17	1.734723476e-18	-1.127570259e-17	5.204170428e-18	1.127570259e-17	-6.938893904e-18	3.469446952e-18	3.035766083e-17	-2.775557562e-17	1.040834086e-17	-8.67361738e-19	-5.637851297e-18	1	2.602085214e-18	-6.071532166e-18	1.734723476e-18	-2.081668171e-17	5.117434254e-17	-5.204170428e-18	-3.469446952e-18	1	1.734723476e-17	-6.071532166e-18	-8.239936511e-18	3.035766083e-18	4.510281038e-17	-3.035766083e-18	4.770489559e-18	-4.33680869e-19	-2.168404345e-18	4.033232082e-17	1	5.637851297e-18	-1.778091563e-17	1.301042607e-18	-1.517883041e-17	
9.100274922	-0.8455852286	-0.8471834322	-1.625900088	-1.625900346	-1.643745329	-1.870042725	-1.968758412	-1.968758621	-2.279745645	-2.312676449	-2.312691959	-2.443172032	-2.696237925	-2.720617234	-2.72062005	-2.725054521	-2.725057223	-2.794305743	-2.794311627	-2.81902185	-2.819023033	-2.949318851	-2.949319833	-3.392070355	-3.392081665	-3.399025345	-3.399036539	-3.492776345	-3.892707815	-3.892726864	-4.65731644	-4.657322521	-4.804923304	-4.919580649	-4.91958066	-6.269140648	-6.651911902	-6.651940726	-7.32617232	-7.326172383	-7.50144527	-7.579681734	-7.579701407	-7.581610239	-7.58162984	-7.672706493	-7.674602558	-7.674610571	3.57567221	5.410975645	5.410975728	5.537311304	5.537311672	5.575440023	5.714479726	5.714481792	5.738228917	5.738230875	6.029131442	6.066173655	6.189693754	6.189693945	6.475641814	6.475645348	1	1	8.239936511e-18	1.561251128e-17	1	-2.255140519e-17	-1.040834086e-17	2.211772432e-17	1	3.382710778e-17	3.122502257e-17	-4.423544864e-17	1	1.474514955e-17	-1.040834086e-17	6.938893904e-18	1.214306433e-17	3.035766083e-17	-6.938893904e-18	-9.757819552e-18	1.734723476e-18	-1.040834086e-17	-2.168404345e-18	3.469446952e-18	-7.806255642e-18	-5.204170428e-18	-2.602085214e-18	-5.204170428e-18	1.734723476e-18	5.377642776e-17	1.734723476e-17	-4.250072516e-17	3.469446952e-18	-1.040834086e-17	1.040834086e-17	3.469446952e-18	2.775557562e-17	6.071532166e-18	-5.204170428e-18	-6.938893904e-18	1	1.040834086e-17	9.540979118e-18	-1.387778781e-17	0	-4.076600169e-17	2.775557562e-17	-3.469446952e-18	1	0	-3.469446952e-18	4.33680869e-19	-6.938893904e-18	-2.298508606e-17	-1.127570259e-17	-1.517883041e-17	-1.474514955e-17	-2.168404345e-18	-4.33680869e-18	1	-1.431146868e-17	8.67361738e-19	1.214306433e-17	7.372574773e-18	
9.555288668	-0.8004438363	-0.8067421986	-1.351983235	-1.564020139	-1.564020406	-1.802136652	-1.802136877	-1.908042928	-2.203048955	-2.203064848	-2.213229904	-2.493180739	-2.568889144	-2.740591829	-2.740595218	-2.745676552	-2.745679809	-2.809246952	-2.809253582	-2.859818062	-2.859820139	-2.930640854	-2.930642722	-3.27584544	-3.275856698	-3.28310491	-3.283116034	-3.53295696	-3.798958861	-3.798977673	-4.652205538	-4.652210724	-4.764065386	-4.877543013	-4.877543022	-6.446527205	-6.698582233	-6.698613198	-7.454061847	-7.454061913	-7.516900615	-7.617399837	-7.617420881	-7.618884762	-7.618905741	-7.705658912	-7.705667241	-7.708950693	3.345075122	5.26090005	5.260900104	5.463562353	5.463562702	5.505295686	5.586504426	5.586506415	5.605335753	5.60533765	5.911266593	5.911266606	5.911796473	6.044356226	6.338267778	6.338271874	1	1	1	1.778091563e-17	1.561251128e-17	-2.949029909e-17	-2.190088388e-17	-3.729655473e-17	-1.040834086e-17	1.908195824e-17	1	1	-2.168404345e-17	-7.806255642e-18	-1.734723476e-18	5.204170428e-18	1.040834086e-17	1.561251128e-17	2.428612866e-17	-1.062518129e-17	1.734723476e-18	6.938893904e-18	2.168404345e-18	-1.734723476e-18	1.040834086e-17	2.341876693e-17	1.734723476e-17	7.806255642e-18	1.387778781e-17	4.33680869e-18	2.51534904e-17	6.938893904e-18	-3.382710778e-17	7.806255642e-18	-1.908195824e-17	-1.040834086e-17	2.168404345e-17	-7.806255642e-18	-1.127570259e-17	-6.505213035e-18	1	1.040834086e-17	1.040834086e-17	6.071532166e-18	9.540979118e-18	4.250072516e-17	-3.469446952e-18	-1.82145965e-17	1	-1.301042607e-18	-1.387778781e-17	4.33680869e-18	8.239936511e-18	-2.51534904e-17	-9.107298249e-18	1.431146868e-17	-1.301042607e-18	-1.82145965e-17	9.324138683e-17	4.33680869e-19	1	-2.645453301e-17	2.298508606e-17	4.770489559e-18	
10.01030241	-0.7638305568	-0.7759433328	-1.097024939	-1.513837602	-1.513837892	-1.656790562	-1.656790818	-1.937989673	-2.10934948	-2.109365573	-2.158866545	-2.322790663	-2.678106242	-2.7672327	-2.767236646	-2.772958938	-2.772962726	-2.821652167	-2.821659299	-2.891326755	-2.891332766	-2.914872265	-2.914878061	-3.166759632	-3.166770703	-3.174213568	-3.17422448	-3.564484333	-3.718710243	-3.718728717	-4.647279721	-4.647284155	-4.719142753	-4.847981492	-4.847981499	-6.591827287	-6.737577505	-6.737610122	-7.529493455	-7.556313574	-7.556313642	-7.648647499	-7.648669584	-7.649720587	-7.649742618	-7.731123591	-7.731132125	-7.735793947	3.137188209	5.126660023	5.126660054	5.402043687	5.402044022	5.451185931	5.474925454	5.474927327	5.488801668	5.488803468	5.685613716	5.685613924	5.771955486	6.048307976	6.217188828	6.217193341	1	1	1	-1.517883041e-18	-5.204170428e-18	-8.67361738e-18	1.474514955e-17	3.035766083e-17	6.071532166e-18	1.908195824e-17	1	1	2.168404345e-17	9.540979118e-18	1.040834086e-17	1.040834086e-17	-4.33680869e-18	4.33680869e-18	6.938893904e-18	1.517883041e-18	5.204170428e-18	5.204170428e-18	6.071532166e-18	1.82145965e-17	-1.734723476e-17	8.67361738e-19	1.301042607e-17	3.903127821e-17	-1.387778781e-17	-1.040834086e-17	-1.127570259e-17	8.67361738e-19	-1.301042607e-17	2.51534904e-17	-2.081668171e-17	1.734723476e-17	-1.82145965e-17	2.862293735e-17	1	9.540979118e-18	-1.778091563e-17	8.67361738e-19	-4.33680869e-18	-2.602085214e-18	-5.204170428e-18	-2.428612866e-17	1.734723476e-17	2.688821388e-17	1	-8.67361738e-19	-8.67361738e-18	6.071532166e-18	-2.038300084e-17	1.214306433e-17	-2.602085214e-17	-6.071532166e-18	-1.691355389e-17	-7.372574773e-18	1.474514955e-17	-6.505213035e-18	1	9.540979118e-18	-1.517883041e-17	9.974659987e-18	
10.46531616	-0.7372931037	-0.753816547	-0.8945084481	-1.476830501	-1.47683085	-1.543465002	-1.543465326	-1.959587562	-2.037542363	-2.037558546	-2.118512668	-2.193575976	-2.763857934	-2.802201566	-2.802205907	-2.808488682	-2.808492812	-2.830807936	-2.830815357	-2.89979366	-2.899801901	-2.916843697	-2.916851719	-3.068544875	-3.068555824	-3.076030785	-3.076041523	-3.58714796	-3.657189598	-3.657207717	-4.643245696	-4.643249564	-4.678467084	-4.828532316	-4.828532321	-6.700542958	-6.766877177	-6.76691097	-7.538779831	-7.630879689	-7.630879759	-7.67200274	-7.67202555	-7.672696052	-7.672718824	-7.749980615	-7.749989271	-7.75324222	2.967903384	5.020221736	5.020221751	5.355806788	5.355807111	5.388547085	5.388548842	5.397620771	5.397622478	5.413023577	5.519264297	5.519264659	5.660751495	6.046427054	6.122624544	6.122629351	1	1	1	3.469446952e-18	5.204170428e-18	-1.734723476e-17	-3.469446952e-18	-1.040834086e-17	-4.33680869e-18	2.949029909e-17	1	1	1.82145965e-17	-1.908195824e-17	6.071532166e-18	1.474514955e-17	-1.82145965e-17	-5.204170428e-18	3.469446952e-18	-2.992397996e-17	1.561251128e-17	2.255140519e-17	4.640385298e-17	0	-6.938893904e-18	-1.214306433e-17	0	4.33680869e-18	-2.255140519e-17	2.602085214e-18	6.071532166e-18	-3.035766083e-17	2.602085214e-18	-1.561251128e-17	1.214306433e-17	1.127570259e-17	5.551115123e-17	4.33680869e-18	1	-4.33680869e-18	5.204170428e-18	8.67361738e-19	-2.341876693e-17	-1.387778781e-17	1.734723476e-18	1.994931997e-17	2.602085214e-18	-1.214306433e-17	1	1.864827737e-17	1.387778781e-17	-7.372574773e-18	-1.301042607e-18	3.469446952e-18	5.637851297e-18	1.734723476e-17	8.67361738e-18	-1.561251128e-17	1.301042607e-17	-6.938893904e-18	1	-2.125036258e-17	2.255140519e-17	-7.372574773e-18	
10.92032991	-0.7212329832	-0.740289509	-0.7624921948	-1.454141954	-1.454142529	-1.471287332	-1.471287894	-1.972628625	-1.992384796	-1.992401011	-2.093654578	-2.112759831	-2.819080102	-2.836356808	-2.83636436	-2.846684546	-2.846688498	-2.853212408	-2.85321594	-2.892574565	-2.892578377	-2.930002028	-2.930005617	-2.984494631	-2.9845063	-2.991636174	-2.991647423	-3.600802341	-3.618528828	-3.618546675	-4.640616295	-4.64061981	-4.649972472	-4.817521167	-4.817521169	-6.768178487	-6.785035313	-6.785069811	-7.544464022	-7.676243644	-7.676243715	-7.686471691	-7.686494927	-7.686811119	-7.686834335	-7.761551564	-7.761560281	-7.762584178	2.855475498	4.951732882	4.951732887	5.327127395	5.327127711	5.334490505	5.334492175	5.338961591	5.338963235	5.39039503	5.417276536	5.417276995	5.589257419	6.043296657	6.062519183	6.062524166	1	1	1	1.474514955e-17	1.734723476e-18	-2.255140519e-17	-1.387778781e-17	-1.734723476e-18	8.67361738e-19	1.387778781e-17	1	1	-5.204170428e-18	-1.301042607e-17	2.602085214e-18	6.938893904e-18	8.67361738e-19	1.301042607e-17	-1.734723476e-17	-8.239936511e-18	2.081668171e-17	-8.67361738e-18	-6.2883726e-18	6.071532166e-18	1.301042607e-17	9.540979118e-18	8.67361738e-19	-3.556183126e-17	3.469446952e-18	-6.938893904e-18	4.33680869e-17	1.734723476e-18	-2.255140519e-17	-2.602085214e-17	-2.688821388e-17	4.33680869e-18	-1.214306433e-17	1.734723476e-18	1	-5.204170428e-18	1.170938346e-17	-1.474514955e-17	-8.67361738e-19	-9.540979118e-18	4.33680869e-18	1.994931997e-17	-1.734723476e-18	-1.214306433e-17	1	1.734723476e-18	3.816391647e-17	-1.301042607e-18	4.33680869e-18	-1.431146868e-17	-3.556183126e-17	-7.806255642e-18	-9.107298249e-18	-2.732189475e-17	1.127570259e-17	3.252606517e-17	1	-2.602085214e-17	1.908195824e-17	-1.040834086e-17	
11.37534365	-0.7158414348	-0.7158638203	-0.7362565619	-1.446477772	-1.44647778	-1.44650577	-1.446505777	-1.976973083	-1.976989305	-1.976989305	-2.085233287	-2.085264864	-2.838206423	-2.838206423	-2.838214009	-2.889931068	-2.889931085	-2.889934046	-2.889934299	-2.889934317	-2.889934523	-2.934553064	-2.934553554	-2.934568625	-2.934568644	-2.934571635	-2.934571655	-3.605345232	-3.605362976	-3.605362976	-4.639704646	-4.639704646	-4.639708042	-4.813959433	-4.813959433	-6.791184391	-6.791184391	-6.791219124	-7.54637706	-7.691470384	-7.691470384	-7.691470455	-7.691470455	-7.691493787	-7.691493794	-7.765450234	-7.765450234	-7.76545897	2.815820686	4.928085476	4.928085476	5.317407943	5.317408043	5.317409459	5.317409466	5.31740978	5.317409788	5.382904768	5.382904768	5.382905262	5.564602519	6.04190863	6.04190863	6.041913671	1	1	1	-2.602085214e-18	-6.938893904e-18	-2.341876693e-17	4.33680869e-18	-9.540979118e-18	2.021849702e-12	1.040834086e-17	1	1	4.33680869e-18	2.021821079e-12	-4.33680869e-18	4.250072516e-17	-8.67361738e-18	2.862293735e-17	-5.637851297e-18	-1.387778781e-17	-1.214306433e-17	-1.82145965e-17	2.081668171e-17	-8.67361738e-18	1.929879867e-17	2.602085214e-17	-2.168404345e-18	1.301042607e-17	2.021837558e-12	-5.204170428e-18	2.602085214e-18	2.021867049e-12	4.33680869e-18	-1.301042607e-17	0	2.775557562e-17	2.021788119e-12	-2.51534904e-17	1	8.67361738e-19	3.469446952e-18	-1.344410694e-17	-6.938893904e-18	5.204170428e-18	-8.67361738e-19	1.214306433e-17	2.021817609e-12	-2.51534904e-17	1	7.806255642e-18	4.33680869e-19	-9.540979118e-18	-2.255140519e-17	6.071532166e-18	1.170938346e-17	-2.602085214e-18	-5.204170428e-18	-1.127570259e-17	2.021847099e-12	-1.344410694e-17	1	8.239936511e-18	2.021831053e-12	0	
11.80812953	-0.7207770738	-0.7207995045	-0.7824601424	-1.369709884	-1.369737375	-1.522099694	-1.522128164	-1.984533564	-1.984549792	-1.984549792	-2.081454651	-2.081486209	-2.763332234	-2.763332234	-2.763334574	-2.828125171	-2.828125171	-2.828132771	-2.845577358	-2.845594247	-2.845594248	-3.018334589	-3.018350553	-3.018350553	-3.036524203	-3.036524203	-3.036524376	-3.601664003	-3.601681743	-3.601681743	-4.474575042	-4.625582526	-4.625582526	-4.625585856	-5.14241063	-6.801076902	-6.801076903	-6.801111532	-7.52980208	-7.636142598	-7.636142598	-7.636167169	-7.738045731	-7.738045732	-7.738067857	-7.768065393	-7.768065393	-7.768074267	2.851058995	4.818701437	5.025916943	5.210117284	5.210118483	5.210118483	5.388459193	5.388459193	5.38845969	5.424299467	5.424301204	5.424301204	5.561705361	6.003893422	6.003893422	6.003898599	1	1	1	2.51534904e-17	-6.591949209e-17	-4.683753385e-17	-7.806255642e-17	-6.071532166e-18	3.816391647e-17	-5.204170428e-18	1	1	1.474514955e-17	1.908195824e-17	7.806255642e-18	-8.67361738e-19	-8.67361738e-19	3.6429193e-17	-1.040834086e-17	-1.734723476e-18	-2.51534904e-17	-1.908195824e-17	1.561251128e-17	-1.647987302e-17	6.938893904e-18	-1.647987302e-17	-2.341876693e-17	-6.071532166e-18	1.734723476e-18	-1.908195824e-17	1.647987302e-17	5.204170428e-18	3.035766083e-17	-7.806255642e-18	4.770489559e-17	9.540979118e-18	-1.301042607e-17	-1.214306433e-17	1	-1.994931997e-17	8.67361738e-18	0	2.168404345e-17	0	-1.908195824e-17	-1.301042607e-17	1.301042607e-17	-4.33680869e-18	1	-4.943961907e-17	1.908195824e-17	1.561251128e-17	4.33680869e-18	1.561251128e-17	-6.938893904e-18	4.33680869e-19	-7.372574773e-18	-3.903127821e-18	-1.127570259e-17	-1.734723476e-18	1	-5.204170428e-18	2.081668171e-17	-6.938893904e-18	
12.2409154	-0.7354941439	-0.7355167087	-0.9150212479	-1.292747352	-1.292774323	-1.595680801	-1.59570972	-2.006957487	-2.006973731	-2.006973732	-2.07014991	-2.070181413	-2.658947861	-2.658947861	-2.658950924	-2.754371523	-2.754388335	-2.754388335	-2.799064463	-2.799064464	-2.799072094	-3.100709732	-3.100726916	-3.100726917	-3.193891734	-3.193891734	-3.193892725	-3.590633196	-3.590650924	-3.590650924	-4.126323464	-4.583704067	-4.583704067	-4.583707209	-5.457949099	-6.830079148	-6.830079149	-6.830113475	-7.480303418	-7.572640305	-7.572640306	-7.572666031	-7.775530072	-7.775530072	-7.775539351	-7.775547494	-7.775547494	-7.775568335	2.950665857	4.696747237	5.113193262	5.116409443	5.116409928	5.116409928	5.404796294	5.404796294	5.404796801	5.516838371	5.51683991	5.51683991	5.55299865	5.899990274	5.899990274	5.899995741	1	1	1	-1.734723476e-17	5.464378949e-17	4.770489559e-17	8.67361738e-18	-7.806255642e-18	6.071532166e-18	-7.806255642e-18	1	1	-1.214306433e-17	7.806255642e-18	2.688821388e-17	-1.908195824e-17	8.67361738e-19	9.540979118e-18	-1.734723476e-18	1.127570259e-17	-3.469446952e-18	0	2.168404345e-17	-1.734723476e-17	-1.127570259e-17	-1.734723476e-17	1.301042607e-17	2.081668171e-17	-1.474514955e-17	-1.301042607e-17	2.081668171e-17	1.214306433e-17	-7.806255642e-18	-3.6429193e-17	5.204170428e-18	-1.127570259e-17	8.67361738e-19	4.33680869e-18	1	2.51534904e-17	5.204170428e-18	1.908195824e-17	3.122502257e-17	-2.168404345e-17	-2.51534904e-17	-4.33680869e-18	6.071532166e-18	-1.040834086e-17	1	1.561251128e-17	3.989863995e-17	1.301042607e-17	1.691355389e-17	-5.637851297e-18	6.505213035e-18	-2.298508606e-17	6.071532166e-18	-3.469446952e-18	5.637851297e-18	9.107298249e-18	1	3.469446952e-18	1.084202172e-17	9.107298249e-18	
12.67370127	-0.7597259834	-0.7597487666	-1.119085234	-1.216589136	-1.216615573	-1.666389063	-1.666418401	-2.043496169	-2.043512441	-2.043512441	-2.051412717	-2.051444127	-2.58034105	-2.58034105	-2.580344856	-2.66189053	-2.661907211	-2.661907211	-2.754427926	-2.754427926	-2.754435573	-3.177495132	-3.17751242	-3.17751242	-3.36087861	-3.36087861	-3.360879452	-3.572291864	-3.572309573	-3.572309573	-3.771416584	-4.515471633	-4.515471633	-4.515474488	-5.758638583	-6.876292945	-6.876292945	-6.876326795	-7.398543487	-7.501805514	-7.501805514	-7.501832348	-7.786768189	-7.786768189	-7.786778114	-7.803913217	-7.803913217	-7.803932742	3.099643617	4.561288837	5.048193254	5.048193254	5.04819369	5.190831141	5.430918285	5.430918285	5.430918804	5.538435667	5.584207543	5.584208675	5.584208675	5.753279114	5.753279114	5.753284813	1	1	1	3.382710778e-17	5.204170428e-18	-1.214306433e-17	-4.33680869e-18	1.214306433e-17	1.301042607e-17	-1.734723476e-18	1	1	8.67361738e-18	-8.67361738e-19	-3.469446952e-18	2.602085214e-18	6.938893904e-18	4.33680869e-18	-1.561251128e-17	-6.071532166e-18	2.341876693e-17	-6.938893904e-18	5.204170428e-18	1.127570259e-17	6.071532166e-18	1.214306433e-17	1.387778781e-17	1.301042607e-17	2.602085214e-18	1.040834086e-17	-4.33680869e-18	-2.428612866e-17	7.806255642e-18	-1.387778781e-17	1.301042607e-17	-1.734723476e-17	7.806255642e-18	7.806255642e-18	1	1.734723476e-18	1.908195824e-17	-1.734723476e-18	1.734723476e-18	-1.647987302e-17	-4.33680869e-18	-3.469446952e-18	1.474514955e-17	1.561251128e-17	1	-8.67361738e-18	2.428612866e-17	-6.938893904e-18	0	2.255140519e-17	-4.33680869e-19	2.602085214e-18	-4.770489559e-18	1	-4.33680869e-19	-3.035766083e-18	6.505213035e-18	1.517883041e-17	1.691355389e-17	8.67361738e-19	
13.10648715	-0.793037609	-0.7930606881	-1.142269956	-1.142295854	-1.377364343	-1.733459316	-1.733489039	-2.025399673	-2.025430953	-2.092976535	-2.092992844	-2.092992844	-2.529278973	-2.529278974	-2.529283141	-2.569700742	-2.569716887	-2.569716887	-2.699447925	-2.699447925	-2.699455531	-3.248959835	-3.248977201	-3.248977201	-3.412294146	-3.532130633	-3.532130633	-3.532131441	-3.54670645	-3.546724131	-3.546724131	-4.423041903	-4.423041903	-4.423044402	-6.042555695	-6.936927519	-6.936927519	-6.93696075	-7.285574738	-7.424760343	-7.424760343	-7.424788239	-7.800183333	-7.800183333	-7.800194114	-7.823347387	-7.823347387	-7.823365573	3.280568918	4.411635281	5.01427141	5.01427141	5.014272883	5.259636913	5.465096425	5.465096425	5.465096948	5.517935181	5.587894648	5.587894648	5.587900384	5.621463827	5.621464481	5.621464481	1	1	4.683753385e-17	-8.67361738e-18	1	-3.469446952e-17	-8.67361738e-18	1	1	6.071532166e-18	-8.67361738e-18	0	-7.806255642e-18	-6.071532166e-18	1.040834086e-17	-1.387778781e-17	-9.540979118e-18	2.081668171e-17	-2.081668171e-17	-1.734723476e-18	1.040834086e-17	6.071532166e-18	-9.540979118e-18	1.908195824e-17	2.255140519e-17	-1.214306433e-17	-1.214306433e-17	1.127570259e-17	1.301042607e-17	0	4.33680869e-18	-1.561251128e-17	1.734723476e-18	6.938893904e-18	4.163336342e-17	-1.908195824e-17	-2.602085214e-18	-1.734723476e-18	1	3.469446952e-18	-2.602085214e-17	-3.469446952e-18	-8.67361738e-18	-6.071532166e-18	-9.540979118e-18	1.040834086e-17	6.071532166e-18	2.688821388e-17	1	-3.209238431e-17	3.035766083e-18	-1.604619215e-17	-9.540979118e-18	-5.204170428e-18	4.33680869e-19	1.214306433e-17	4.33680869e-19	1	2.125036258e-17	-3.469446952e-18	8.67361738e-19	-8.239936511e-18	-5.204170428e-18	1.517883041e-17	
13.53927302	-0.8348393872	-0.8348628303	-1.070845304	-1.070870664	-1.6745128	-1.796195579	-1.796225652	-1.992331066	-1.992362178	-2.153897698	-2.153914053	-2.153914053	-2.475537789	-2.475553491	-2.475553491	-2.509716155	-2.509716155	-2.509720742	-2.640647051	-2.640647051	-2.640654518	-3.051738901	-3.314700965	-3.314718401	-3.314718401	-3.513972865	-3.513990511	-3.513990511	-3.703296991	-3.703296991	-3.703297887	-4.309123832	-4.309123832	-4.309125943	-6.307770941	-7.008710255	-7.008710256	-7.008742757	-7.142772288	-7.342932178	-7.342932178	-7.342961091	-7.81388518	-7.81388518	-7.813896985	-7.834334374	-7.834334374	-7.834351214	3.47810449	4.247564745	5.01994435	5.01994435	5.019946882	5.320297327	5.423534806	5.423534806	5.423540336	5.491376363	5.504768286	5.504768286	5.504768791	5.629991468	5.62999169	5.62999169	1	1	3.035766083e-17	-1.387778781e-17	1	-1.387778781e-17	3.469446952e-17	1	1	-1.301042607e-17	8.67361738e-19	-2.602085214e-18	-7.806255642e-18	-1.040834086e-17	2.602085214e-18	1.908195824e-17	1.908195824e-17	-1.647987302e-17	-3.122502257e-17	-1.734723476e-17	-2.949029909e-17	1.214306433e-17	1.301042607e-17	5.204170428e-18	-2.081668171e-17	-4.33680869e-18	2.775557562e-17	-6.938893904e-18	-1.734723476e-17	-2.255140519e-17	6.071532166e-18	7.806255642e-18	4.33680869e-18	1.214306433e-17	1.734723476e-18	1.734723476e-18	-1.387778781e-17	-1.127570259e-17	1	1.82145965e-17	1.647987302e-17	9.540979118e-18	-3.469446952e-18	-1.387778781e-17	1.734723476e-18	-1.301042607e-17	7.806255642e-18	-2.602085214e-18	1	1.734723476e-18	1.214306433e-17	3.035766083e-18	3.035766083e-18	4.119968255e-17	-2.602085214e-18	6.505213035e-18	1.908195824e-17	1	-4.33680869e-19	4.770489559e-18	-8.67361738e-19	4.33680869e-18	6.938893904e-18	1.95156391e-17	
13.97205889	-0.8844051612	-0.884429026	-1.003373325	-1.00339816	-1.853972005	-1.854002393	-1.952491859	-1.952522766	-1.998483279	-2.224539703	-2.224556111	-2.224556111	-2.387567121	-2.387583602	-2.387583602	-2.513263051	-2.513263052	-2.513269191	-2.585240416	-2.585240417	-2.58524761	-2.693041783	-3.374353734	-3.374371232	-3.374371232	-3.474219474	-3.474237078	-3.474237078	-3.87031766	-3.87031766	-3.870318753	-4.176793634	-4.176793634	-4.176795361	-6.552341367	-6.97175645	-7.088259382	-7.088259382	-7.088291072	-7.258085286	-7.258085286	-7.258115173	-7.825907929	-7.825907929	-7.825920886	-7.837652316	-7.837652316	-7.83766782	3.680511411	4.069624126	5.066950185	5.066950185	5.066953716	5.275094846	5.275094846	5.275099922	5.373382789	5.458591615	5.546392371	5.546392371	5.546392817	5.615493137	5.615493137	5.615493243	1	1	3.469446952e-17	3.295974604e-17	6.938893904e-18	1.647987302e-17	1	1	1	-1.734723476e-18	1.994931997e-17	3.469446952e-18	9.540979118e-18	-1.994931997e-17	-2.602085214e-18	-4.33680869e-18	-2.428612866e-17	6.071532166e-18	-1.040834086e-17	8.67361738e-19	-2.428612866e-17	2.688821388e-17	1.647987302e-17	1.387778781e-17	5.204170428e-18	-5.204170428e-18	1.561251128e-17	1.214306433e-17	5.204170428e-18	-1.040834086e-17	1.214306433e-17	-4.33680869e-18	-3.469446952e-18	-1.82145965e-17	1.647987302e-17	1	2.688821388e-17	-7.806255642e-18	8.67361738e-19	1.82145965e-17	1.734723476e-18	3.469446952e-18	8.67361738e-18	1.387778781e-17	9.540979118e-18	1.734723476e-18	-2.428612866e-17	3.469446952e-18	1	3.729655473e-17	4.33680869e-19	6.071532166e-18	8.67361738e-18	2.168404345e-18	-2.862293735e-17	-7.806255642e-18	3.035766083e-18	1	-2.168404345e-18	-1.040834086e-17	-1.561251128e-17	1.431146868e-17	1.647987302e-17	-3.903127821e-18	
14.40484476	-0.9408938486	-0.9408938486	-0.9409181813	-0.9409181813	-1.906232863	-1.906232863	-1.90626353	-1.90626353	-2.30306422	-2.30306422	-2.30308068	-2.30308068	-2.303080681	-2.303080681	-2.340242721	-2.340242721	-2.540520748	-2.540520748	-2.540520748	-2.540520748	-2.540527509	-2.540527509	-3.427611049	-3.427611049	-3.427628603	-3.427628603	-3.427628603	-3.427628603	-4.029363972	-4.029363972	-4.029363972	-4.029363972	-4.029365349	-4.029365349	-6.774316092	-6.774316092	-7.172353046	-7.172353046	-7.172353046	-7.172353046	-7.17238386	-7.17238386	-7.834382725	-7.834382725	-7.834382725	-7.834382725	-7.834396926	-7.834396926	3.879506307	3.879506307	5.153614579	5.153614579	5.153614579	5.153614579	5.153618977	5.153618977	5.419357341	5.419357341	5.585281204	5.585281204	5.585281204	5.585281204	5.585281526	5.585281526	0.5	0.5	0.5	0.5	0.4988562251	0.5011437749	0.5	0.5	-6.505213035e-18	3.469446952e-18	1.040834086e-17	1.301042607e-17	-1.214306433e-17	2.428612866e-17	0.5035692718	0.4964307282	0	7.372574773e-18	-3.469446952e-18	9.540979118e-18	1.734723476e-17	-4.33680869e-19	-1.734723476e-18	-1.978668965e-18	-8.67361738e-19	-8.67361738e-18	-1.040834086e-17	-2.168404345e-17	7.806255642e-18	-1.82145965e-17	1.734723476e-17	1.344410694e-17	5.204170428e-18	1.734723476e-18	0.4984488028	0.5015511972	-1.040834086e-17	-8.67361738e-19	5.204170428e-18	-1.387778781e-17	-1.734723476e-18	8.023096076e-18	-9.974659987e-18	8.67361738e-18	-1.734723476e-18	-6.071532166e-18	5.204170428e-18	4.33680869e-18	0.5	0.5	-8.67361738e-19	-8.890457814e-18	-2.602085214e-18	-1.279358564e-17	8.67361738e-18	6.2883726e-18	0.5	0.5	6.071532166e-18	7.589415207e-19	-8.67361738e-18	1.173648852e-17	6.640738306e-18	-1.561251128e-17	
14.83763064	-0.8844051612	-0.884429026	-1.003373325	-1.00339816	-1.853972005	-1.854002393	-1.952491859	-1.952522766	-1.998483279	-2.224539703	-2.224556111	-2.224556111	-2.387567121	-2.387583602	-2.387583602	-2.513263051	-2.513263052	-2.513269191	-2.585240416	-2.585240417	-2.58524761	-2.693041783	-3.374353734	-3.374371232	-3.374371232	-3.474219474	-3.474237078	-3.474237078	-3.87031766	-3.87031766	-3.870318753	-4.176793634	-4.176793634	-4.176795361	-6.552341367	-6.97175645	-7.088259382	-7.088259382	-7.088291072	-7.258085286	-7.258085286	-7.258115173	-7.825907929	-7.825907929	-7.825920886	-7.837652316	-7.837652316	-7.83766782	3.680511411	4.069624126	5.066950185	5.066950185	5.066953716	5.275094846	5.275094846	5.275099922	5.373382789	5.458591615	5.546392371	5.546392371	5.546392817	5.615493137	5.615493137	5.615493243	5.464378949e-17	1.734723476e-17	1	1	1	1	7.806255642e-18	9.540979118e-18	6.938893904e-18	-2.51534904e-17	2.602085214e-18	0	4.33680869e-18	1.647987302e-17	6.938893904e-18	3.469446952e-18	8.67361738e-18	0	4.33680869e-18	-1.647987302e-17	6.938893904e-18	1	-1.127570259e-17	-1.387778781e-17	4.33680869e-17	6.938893904e-18	6.938893904e-18	-1.214306433e-17	1.040834086e-17	3.469446952e-18	-3.6429193e-17	2.168404345e-17	-1.734723476e-17	-1.127570259e-17	1	5.03069808e-17	-8.67361738e-19	-2.602085214e-18	-8.67361738e-19	-8.67361738e-19	-2.428612866e-17	1.474514955e-17	-1.734723476e-18	5.204170428e-18	3.469446952e-18	-2.602085214e-18	-1.040834086e-17	-6.071532166e-18	-1.647987302e-17	1	1.994931997e-17	-3.6429193e-17	-1.95156391e-17	-2.168404345e-18	-1.474514955e-17	4.33680869e-19	1	7.719519468e-17	5.637851297e-18	8.67361738e-18	-1.040834086e-17	-6.938893904e-18	1.301042607e-17	1.994931997e-17	
15.27041651	-0.8348393872	-0.8348628303	-1.070845304	-1.070870664	-1.6745128	-1.796195579	-1.796225652	-1.992331066	-1.992362178	-2.153897698	-2.153914053	-2.153914053	-2.475537789	-2.475553491	-2.475553491	-2.509716155	-2.509716155	-2.509720742	-2.640647051	-2.640647051	-2.640654518	-3.051738901	-3.314700965	-3.314718401	-3.314718401	-3.513972865	-3.513990511	-3.513990511	-3.703296991	-3.703296991	-3.703297887	-4.309123832	-4.309123832	-4.309125943	-6.307770941	-7.008710255	-7.008710256	-7.008742757	-7.142772288	-7.342932178	-7.342932178	-7.342961091	-7.81388518	-7.81388518	-7.813896985	-7.834334374	-7.834334374	-7.834351214	3.47810449	4.247564745	5.01994435	5.01994435	5.019946882	5.320297327	5.423534806	5.423534806	5.423540336	5.491376363	5.504768286	5.504768286	5.504768791	5.629991468	5.62999169	5.62999169	-5.204170428e-17	-1.561251128e-17	1	1	-3.816391647e-17	1	1	4.33680869e-18	3.903127821e-17	1.040834086e-17	1.040834086e-17	1.387778781e-17	-1.734723476e-18	2.602085214e-18	-1.647987302e-17	-2.168404345e-17	-4.33680869e-18	-5.204170428e-18	2.602085214e-17	2.862293735e-17	1.127570259e-17	1	-1.734723476e-17	1.214306433e-17	4.33680869e-18	6.071532166e-18	-8.67361738e-18	-4.33680869e-18	1.040834086e-17	-4.33680869e-18	5.204170428e-18	-1.994931997e-17	-3.122502257e-17	-3.469446952e-18	1	-4.33680869e-18	-1.734723476e-17	-1.734723476e-17	-7.892991816e-17	1.214306433e-17	-1.127570259e-17	7.806255642e-18	-1.994931997e-17	3.469446952e-18	-5.204170428e-18	1.734723476e-18	6.071532166e-18	-1.474514955e-17	2.51534904e-17	1	2.211772432e-17	1.734723476e-18	2.602085214e-18	1	1.691355389e-17	1.647987302e-17	-5.637851297e-18	-3.035766083e-18	-9.540979118e-18	4.770489559e-18	1.344410694e-17	-3.165870344e-17	2.602085214e-18	-4.770489559e-18	
15.70320238	-0.793037609	-0.7930606881	-1.142269956	-1.142295854	-1.377364343	-1.733459316	-1.733489039	-2.025399673	-2.025430953	-2.092976535	-2.092992844	-2.092992844	-2.529278973	-2.529278974	-2.529283141	-2.569700742	-2.569716887	-2.569716887	-2.699447925	-2.699447925	-2.699455531	-3.248959835	-3.248977201	-3.248977201	-3.412294146	-3.532130633	-3.532130633	-3.532131441	-3.54670645	-3.546724131	-3.546724131	-4.423041903	-4.423041903	-4.423044402	-6.042555695	-6.936927519	-6.936927519	-6.93696075	-7.285574738	-7.424760343	-7.424760343	-7.424788239	-7.800183333	-7.800183333	-7.800194114	-7.823347387	-7.823347387	-7.823365573	3.280568918	4.411635281	5.01427141	5.01427141	5.014272883	5.259636913	5.465096425	5.465096425	5.465096948	5.517935181	5.587894648	5.587894648	5.587900384	5.621463827	5.621464481	5.621464481	-6.505213035e-17	-1.82145965e-17	1	1	-6.938893904e-18	1	1	0	-1.214306433e-17	-2.602085214e-18	-7.806255642e-18	6.938893904e-18	1.214306433e-17	-2.428612866e-17	-1.561251128e-17	-1.561251128e-17	2.341876693e-17	-1.734723476e-18	0	1.127570259e-17	-1.82145965e-17	8.67361738e-18	-2.775557562e-17	-1.214306433e-17	1	-3.469446952e-18	-1.994931997e-17	1.040834086e-17	-3.122502257e-17	-2.428612866e-17	6.938893904e-18	1.474514955e-17	6.071532166e-18	-5.204170428e-18	1	-2.602085214e-18	1.214306433e-17	1.040834086e-17	-3.903127821e-17	6.938893904e-18	-5.204170428e-18	-1.387778781e-17	-1.387778781e-17	0	-1.214306433e-17	1.994931997e-17	-2.602085214e-18	4.33680869e-18	-4.943961907e-17	1	1.474514955e-17	-2.168404345e-18	6.071532166e-18	1	-4.33680869e-19	8.67361738e-18	9.974659987e-18	-7.372574773e-18	3.903127821e-18	1.734723476e-18	1.387778781e-17	-1.517883041e-17	-1.474514955e-17	1.170938346e-17	
16.13598826	-0.7597259834	-0.7597487666	-1.119085234	-1.216589136	-1.216615573	-1.666389063	-1.666418401	-2.043496169	-2.043512441	-2.043512441	-2.051412717	-2.051444127	-2.58034105	-2.58034105	-2.580344856	-2.66189053	-2.661907211	-2.661907211	-2.754427926	-2.754427926	-2.754435573	-3.177495132	-3.17751242	-3.17751242	-3.36087861	-3.36087861	-3.360879452	-3.572291864	-3.572309573	-3.572309573	-3.771416584	-4.515471633	-4.515471633	-4.515474488	-5.758638583	-6.876292945	-6.876292945	-6.876326795	-7.398543487	-7.501805514	-7.501805514	-7.501832348	-7.786768189	-7.786768189	-7.786778114	-7.803913217	-7.803913217	-7.803932742	3.099643617	4.561288837	5.048193254	5.048193254	5.04819369	5.190831141	5.430918285	5.430918285	5.430918804	5.538435667	5.584207543	5.584208675	5.584208675	5.753279114	5.753279114	5.753284813	-1.734723476e-17	-5.204170428e-18	-4.683753385e-17	1	1	1	1	-1.734723476e-18	-9.540979118e-18	4.423544864e-17	2.602085214e-17	-1.82145965e-17	-3.469446952e-18	0	1.127570259e-17	-8.67361738e-18	-6.938893904e-18	-1.647987302e-17	1.474514955e-17	-2.341876693e-17	6.071532166e-18	9.540979118e-18	-3.209238431e-17	-1.127570259e-17	3.469446952e-18	-8.67361738e-18	1.127570259e-17	2.602085214e-18	5.204170428e-18	-4.33680869e-18	1	-1.994931997e-17	2.341876693e-17	1.301042607e-17	1	-2.428612866e-17	1.127570259e-17	1.127570259e-17	3.729655473e-17	-1.301042607e-17	8.67361738e-18	1.474514955e-17	-1.301042607e-17	-2.602085214e-18	-1.908195824e-17	2.602085214e-18	-8.67361738e-18	1.82145965e-17	3.903127821e-17	1	-3.035766083e-18	4.770489559e-18	1.647987302e-17	1	-2.341876693e-17	9.107298249e-18	1.301042607e-18	-3.382710778e-17	-1.908195824e-17	2.168404345e-18	-2.255140519e-17	-1.431146868e-17	-9.540979118e-18	1.994931997e-17	
16.56877413	-0.7354941439	-0.7355167087	-0.9150212479	-1.292747352	-1.292774323	-1.595680801	-1.59570972	-2.006957487	-2.006973731	-2.006973732	-2.07014991	-2.070181413	-2.658947861	-2.658947861	-2.658950924	-2.754371523	-2.754388335	-2.754388335	-2.799064463	-2.799064464	-2.799072094	-3.100709732	-3.100726916	-3.100726917	-3.193891734	-3.193891734	-3.193892725	-3.590633196	-3.590650924	-3.590650924	-4.126323464	-4.583704067	-4.583704067	-4.583707209	-5.457949099	-6.830079148	-6.830079149	-6.830113475	-7.480303418	-7.572640305	-7.572640306	-7.572666031	-7.775530072	-7.775530072	-7.775539351	-7.775547494	-7.775547494	-7.775568335	2.950665857	4.696747237	5.113193262	5.116409443	5.116409928	5.116409928	5.404796294	5.404796294	5.404796801	5.516838371	5.51683991	5.51683991	5.55299865	5.899990274	5.899990274	5.899995741	-3.903127821e-17	6.071532166e-17	-6.331740687e-17	1	1	1	1	-1.994931997e-17	-1.301042607e-17	-6.938893904e-18	3.989863995e-17	2.775557562e-17	8.67361738e-19	-1.647987302e-17	-5.204170428e-18	-1.908195824e-17	-4.33680869e-18	2.51534904e-17	-3.122502257e-17	-1.474514955e-17	4.33680869e-18	-9.540979118e-18	8.67361738e-18	4.33680869e-18	2.168404345e-17	-1.908195824e-17	-6.938893904e-18	1.387778781e-17	-4.33680869e-18	1.214306433e-17	1	-1.214306433e-17	2.081668171e-17	0	1	-1.301042607e-17	3.469446952e-18	1.387778781e-17	-3.556183126e-17	1.127570259e-17	-1.387778781e-17	6.938893904e-18	7.806255642e-18	-6.071532166e-18	-3.469446952e-18	-4.33680869e-18	-2.602085214e-18	1.040834086e-17	2.428612866e-17	1	1	1.82145965e-17	7.806255642e-18	-2.471980953e-17	-3.035766083e-18	1.561251128e-17	-6.505213035e-18	-1.040834086e-17	-2.168404345e-18	4.33680869e-19	2.558717127e-17	-3.469446952e-18	4.770489559e-18	-1.561251128e-17	
17.00156	-0.7207770738	-0.7207995045	-0.7824601424	-1.369709884	-1.369737375	-1.522099694	-1.522128164	-1.984533564	-1.984549792	-1.984549792	-2.081454651	-2.081486209	-2.763332234	-2.763332234	-2.763334574	-2.828125171	-2.828125171	-2.828132771	-2.845577358	-2.845594247	-2.845594248	-3.018334589	-3.018350553	-3.018350553	-3.036524203	-3.036524203	-3.036524376	-3.601664003	-3.601681743	-3.601681743	-4.474575042	-4.625582526	-4.625582526	-4.625585856	-5.14241063	-6.801076902	-6.801076903	-6.801111532	-7.52980208	-7.636142598	-7.636142598	-7.636167169	-7.738045731	-7.738045732	-7.738067857	-7.768065393	-7.768065393	-7.768074267	2.851058995	4.818701437	5.025916943	5.210117284	5.210118483	5.210118483	5.388459193	5.388459193	5.38845969	5.424299467	5.424301204	5.424301204	5.561705361	6.003893422	6.003893422	6.003898599	1.040834086e-16	5.03069808e-17	8.67361738e-18	1	1	1	1	2.602085214e-17	1.127570259e-17	9.540979118e-18	8.67361738e-19	3.729655473e-17	-1.127570259e-17	1.387778781e-17	-1.214306433e-17	-2.602085214e-17	5.204170428e-18	9.540979118e-18	1.734723476e-18	1.734723476e-17	1.214306433e-17	-5.204170428e-18	-2.602085214e-18	1.82145965e-17	-3.469446952e-18	1.301042607e-17	6.071532166e-18	-5.204170428e-18	8.67361738e-19	1.040834086e-17	1	-3.469446952e-17	-1.387778781e-17	3.556183126e-17	1	-3.035766083e-17	2.862293735e-17	-4.33680869e-18	3.469446952e-18	-6.938893904e-18	-9.540979118e-18	1.214306433e-17	2.602085214e-18	8.67361738e-18	-5.204170428e-18	-8.67361738e-18	2.51534904e-17	1.908195824e-17	-3.469446952e-18	1	1	4.770489559e-18	8.239936511e-18	-1.647987302e-17	4.33680869e-18	8.239936511e-18	-2.255140519e-17	-4.770489559e-18	6.505213035e-18	1.908195824e-17	1.994931997e-17	6.071532166e-18	9.107298249e-18	-1.301042607e-17	
17.43434588	-0.7158414348	-0.7158638203	-0.7362565619	-1.446477772	-1.44647778	-1.44650577	-1.446505777	-1.976973083	-1.976989305	-1.976989305	-2.085233287	-2.085264864	-2.838206423	-2.838206423	-2.838214009	-2.889931068	-2.889931085	-2.889934046	-2.889934299	-2.889934317	-2.889934523	-2.934553064	-2.934553554	-2.934568625	-2.934568644	-2.934571635	-2.934571655	-3.605345232	-3.605362976	-3.605362976	-4.639704646	-4.639704646	-4.639708042	-4.813959433	-4.813959433	-6.791184391	-6.791184391	-6.791219124	-7.54637706	-7.691470384	-7.691470384	-7.691470455	-7.691470455	-7.691493787	-7.691493794	-7.765450234	-7.765450234	-7.76545897	2.815820686	4.928085476	4.928085476	5.317407943	5.317408043	5.317409459	5.317409466	5.31740978	5.317409788	5.382904768	5.382904768	5.382905262	5.564602519	6.04190863	6.04190863	6.041913671	-2.51534904e-17	2.081668171e-17	-2.341876693e-17	1	1	1	1	0	5.204170428e-18	1.734723476e-18	-2.168404345e-17	1.474514955e-17	-8.67361738e-18	1.647987302e-17	1.127570259e-17	3.469446952e-18	2.021825415e-12	-8.67361738e-19	2.021856207e-12	1.214306433e-17	2.602085214e-17	-3.295974604e-17	-1.040834086e-17	2.602085214e-17	2.02185599e-12	2.021839293e-12	3.469446952e-18	-6.071532166e-18	-8.67361738e-18	-5.204170428e-18	1.214306433e-17	-1.734723476e-17	-7.806255642e-18	1	1	0	1.647987302e-17	-1.734723476e-18	2.602085214e-17	-9.540979118e-18	2.021868784e-12	-7.372574773e-18	2.021872253e-12	-1.647987302e-17	-8.67361738e-19	-1.734723476e-18	-2.602085214e-18	-2.341876693e-17	3.469446952e-18	1	1	-1.127570259e-17	8.67361738e-18	6.938893904e-18	2.021842329e-12	2.021836691e-12	6.071532166e-18	8.67361738e-18	9.540979118e-18	-4.33680869e-19	-6.071532166e-18	8.239936511e-18	-1.604619215e-17	-6.071532166e-18	
