# EFA eigenstates (quantum_hl)
# Particle: hole
#
# Index EigenEnergy     Occupation  FermiLevel Temperature
      0   -0.130937     0.00627505           0         300
      1   -0.130937     0.00627505           0         300
      2   -0.131084     0.00623976           0         300
      3   -0.131084     0.00623976           0         300
      4   -0.131764     0.00607878           0         300
      5   -0.131764     0.00607878           0         300
      6   -0.132189     0.00598024           0         300
      7   -0.132189     0.00598024           0         300
      8   -0.132426     0.00592596           0         300
