# ASCII 1D datafile generated by TiberCAD
# x Ec Ev eQFermi hQFermi ElPotential eDensity hDensity eMobility hMobility eConductivity hConductivity ElField_x ElField_y ElField_z eCurrentDensity_x eCurrentDensity_y eCurrentDensity_z hCurrentDensity_x hCurrentDensity_y hCurrentDensity_z IonizedDonors IonizedAcceptors IonizedElectronTraps IonizedHoleTraps eNetRecombination eLangevinRecombination hNetRecombination hLangevinRecombination 
0 2.60418 0.00417555 0 0 -5.17418 8.76066e-15 1.01862e+20 0.01 0.01 8.01088e-23 0.163201 -3.71674e+06 0 0 0 0 0 0 0 0 0 9.74605e+14 0 0 0 0 0 0 
0.0979066 2.56779 -0.0322138 0 0 -5.13779 3.5793e-14 8.57085e+19 0.01 0.01 8.01088e-23 0.13732 -3.49346e+06 0 0 0 0 0 0 0 0 0 2.7855e+15 0 0 0 0 0 0 
0.214985 2.53001 -0.0699885 0 0 -5.10001 1.54283e-13 6.95606e+19 0.01 0.01 8.01088e-23 0.111448 -3.00976e+06 0 0 0 0 0 0 0 0 0 5.1815e+15 0 0 0 0 0 0 
0.354988 2.4915 -0.108498 0 0 -5.0615 6.8419e-13 5.44155e+19 0.01 0.01 8.01088e-23 0.0871832 -2.54795e+06 0 0 0 0 0 0 0 0 0 6.48673e+15 0 0 0 0 0 0 
0.522406 2.4529 -0.147098 0 0 -5.0229 3.04453e-12 4.10892e+19 0.01 0.01 8.01088e-23 0.0658321 -2.12256e+06 0 0 0 0 0 0 0 0 0 6.87773e+15 0 0 0 0 0 0 
0.722606 2.41479 -0.18521 0 0 -4.98479 1.32943e-11 3.00488e+19 0.01 0.01 8.01088e-23 0.0481435 -1.74368e+06 0 0 0 0 0 0 0 0 0 6.97162e+15 0 0 0 0 0 0 
0.962009 2.37763 -0.222373 0 0 -4.94763 5.59542e-11 2.13817e+19 0.01 0.01 8.01088e-23 0.0342573 -1.41615e+06 0 0 0 0 0 0 0 0 0 6.99324e+15 0 0 0 0 0 0 
1.24829 2.34175 -0.258253 0 0 -4.91175 2.24096e-10 1.48818e+19 0.01 0.01 8.01088e-23 0.0238432 -1.14001e+06 0 0 0 0 0 0 0 0 0 6.99831e+15 0 0 0 0 0 0 
1.59063 2.30736 -0.292641 0 0 -4.87736 8.4713e-10 1.01848e+19 0.01 0.01 8.01088e-23 0.0163178 -911797 0 0 0 0 0 0 0 0 0 6.99955e+15 0 0 0 0 0 0 
2 2.27457 -0.325429 0 0 -4.84457 3.00994e-09 6.88723e+18 0.01 0.01 8.01088e-23 0.0110346 -800929 0 0 0 0 0 0 0 0 0 6.99987e+15 0 0 0 0 0 0 
2 2.27457 -0.325429 0 0 -4.84457 3.00994e-09 6.88723e+18 0.01 0.01 8.01088e-23 0.0110346 -634441 0 0 0 0 0 0 0 0 0 6.99987e+15 0 0 0 0 0 0 
2.5 2.24285 -0.357151 0 0 -4.81285 1.0262e-08 4.58694e+18 0.01 0.01 8.01088e-23 0.00734909 -573505 0 0 0 0 0 0 0 0 0 6.99996e+15 0 0 0 0 0 0 
3 2.21722 -0.38278 0 0 -4.78722 2.76412e-08 3.23657e+18 0.01 0.01 8.01089e-23 0.00518556 -469599 0 0 0 0 0 0 0 0 0 6.99999e+15 0 0 0 0 0 0 
3.5 2.19589 -0.404111 0 0 -4.76589 6.30533e-08 2.38763e+18 0.01 0.01 8.01089e-23 0.0038254 -394956 0 0 0 0 0 0 0 0 0 6.99999e+15 0 0 0 0 0 0 
4 2.17772 -0.422275 0 0 -4.74772 1.27251e-07 1.82426e+18 0.01 0.01 8.0109e-23 0.00292278 -339102 0 0 0 0 0 0 0 0 0 7e+15 0 0 0 0 0 0 
4.5 2.16198 -0.438021 0 0 -4.73198 2.33888e-07 1.43379e+18 0.01 0.01 8.01092e-23 0.00229719 -295940 0 0 0 0 0 0 0 0 0 7e+15 0 0 0 0 0 0 
5 2.14813 -0.451869 0 0 -4.71813 3.99459e-07 1.15337e+18 0.01 0.01 8.01095e-23 0.00184791 -261704 0 0 0 0 0 0 0 0 0 7e+15 0 0 0 0 0 0 
5.5 2.13581 -0.464192 0 0 -4.70581 6.43163e-07 9.4595e+17 0.01 0.01 8.01099e-23 0.00151558 -233958 0 0 0 0 0 0 0 0 0 7e+15 0 0 0 0 0 0 
6 2.12473 -0.475265 0 0 -4.69473 9.86714e-07 7.88655e+17 0.01 0.01 8.01104e-23 0.00126357 -211065 0 0 0 0 0 0 0 0 0 7e+15 0 0 0 0 0 0 
6.5 2.1147 -0.485298 0 0 -4.6847 1.45411e-06 6.66816e+17 0.01 0.01 8.01112e-23 0.00106836 -191886 0 0 0 0 0 0 0 0 0 7e+15 0 0 0 0 0 0 
7 2.10555 -0.494454 0 0 -4.67555 2.07139e-06 5.70697e+17 0.01 0.01 8.01121e-23 0.000914357 -175607 0 0 0 0 0 0 0 0 0 7e+15 0 0 0 0 0 0 
7.5 2.09714 -0.502859 0 0 -4.66714 2.86636e-06 4.93651e+17 0.01 0.01 8.01134e-23 0.000790916 -161632 0 0 0 0 0 0 0 0 0 7e+15 0 0 0 0 0 0 
8 2.08938 -0.510617 0 0 -4.65938 3.86838e-06 4.31023e+17 0.01 0.01 8.0115e-23 0.000690576 -149515 0 0 0 0 0 0 0 0 0 7e+15 0 0 0 0 0 0 
8.5 2.08219 -0.517811 0 0 -4.65219 5.10803e-06 3.79482e+17 0.01 0.01 8.0117e-23 0.000607998 -138918 0 0 0 0 0 0 0 0 0 7e+15 0 0 0 0 0 0 
9 2.07549 -0.524509 0 0 -4.64549 6.61694e-06 3.36595e+17 0.01 0.01 8.01194e-23 0.000539285 -129576 0 0 0 0 0 0 0 0 0 7e+15 0 0 0 0 0 0 
9.5 2.06923 -0.530768 0 0 -4.63923 8.42749e-06 3.00555e+17 0.01 0.01 8.01223e-23 0.000481543 -121285 0 0 0 0 0 0 0 0 0 7e+15 0 0 0 0 0 0 
10 2.06336 -0.536637 0 0 -4.63336 1.05726e-05 2.69998e+17 0.01 0.01 8.01258e-23 0.000432585 -113880 0 0 0 0 0 0 0 0 0 7e+15 0 0 0 0 0 0 
10.5 2.05784 -0.542156 0 0 -4.62784 1.30855e-05 2.43881e+17 0.01 0.01 8.01298e-23 0.00039074 -107229 0 0 0 0 0 0 0 0 0 7e+15 0 0 0 0 0 0 
11 2.05264 -0.54736 0 0 -4.62264 1.59995e-05 2.21393e+17 0.01 0.01 8.01345e-23 0.000354711 -101225 0 0 0 0 0 0 0 0 0 7e+15 0 0 0 0 0 0 
11.5 2.04772 -0.552279 0 0 -4.61772 1.9348e-05 2.01902e+17 0.01 0.01 8.01398e-23 0.000323482 -95779.2 0 0 0 0 0 0 0 0 0 7e+15 0 0 0 0 0 0 
12 2.04306 -0.556938 0 0 -4.61306 2.31639e-05 1.84903e+17 0.01 0.01 8.01459e-23 0.000296247 -90818.9 0 0 0 0 0 0 0 0 0 7e+15 0 0 0 0 0 0 
12.5 2.03864 -0.561361 0 0 -4.60864 2.74797e-05 1.69994e+17 0.01 0.01 8.01529e-23 0.00027236 -86283.2 0 0 0 0 0 0 0 0 0 7e+15 0 0 0 0 0 0 
13 2.03443 -0.565566 0 0 -4.60443 3.23276e-05 1.5685e+17 0.01 0.01 8.01606e-23 0.000251301 -82120.7 0 0 0 0 0 0 0 0 0 7e+15 0 0 0 0 0 0 
13.5 2.03043 -0.569573 0 0 -4.60043 3.77388e-05 1.45205e+17 0.01 0.01 8.01693e-23 0.000232644 -78288.1 0 0 0 0 0 0 0 0 0 7e+15 0 0 0 0 0 0 
14 2.0266 -0.573395 0 0 -4.5966 4.37436e-05 1.34843e+17 0.01 0.01 8.01789e-23 0.000216042 -74748.3 0 0 0 0 0 0 0 0 0 7e+15 0 0 0 0 0 0 
14.5 2.02295 -0.577047 0 0 -4.59295 5.03718e-05 1.25583e+17 0.01 0.01 8.01895e-23 0.000201207 -71469.5 0 0 0 0 0 0 0 0 0 7e+15 0 0 0 0 0 0 
15 2.01946 -0.580542 0 0 -4.58946 5.76516e-05 1.17277e+17 0.01 0.01 8.02012e-23 0.000187898 -68424.5 0 0 0 0 0 0 0 0 0 7e+15 0 0 0 0 0 0 
15.5 2.01611 -0.58389 0 0 -4.58611 6.56103e-05 1.09798e+17 0.01 0.01 8.02139e-23 0.000175916 -65589.5 0 0 0 0 0 0 0 0 0 7e+15 0 0 0 0 0 0 
16 2.0129 -0.587101 0 0 -4.5829 7.42741e-05 1.03041e+17 0.01 0.01 8.02278e-23 0.00016509 -62943.9 0 0 0 0 0 0 0 0 0 7e+15 0 0 0 0 0 0 
16.5 2.00982 -0.590184 0 0 -4.57982 8.36678e-05 9.69175e+16 0.01 0.01 8.02429e-23 0.000155279 -60469.6 0 0 0 0 0 0 0 0 0 7e+15 0 0 0 0 0 0 
17 2.00685 -0.593148 0 0 -4.57685 9.38147e-05 9.13508e+16 0.01 0.01 8.02591e-23 0.00014636 -58151 0 0 0 0 0 0 0 0 0 7e+15 0 0 0 0 0 0 
17.5 2.004 -0.595999 0 0 -4.574 0.000104737 8.62758e+16 0.01 0.01 8.02766e-23 0.000138229 -55973.9 0 0 0 0 0 0 0 0 0 7e+15 0 0 0 0 0 0 
18 2.00125 -0.598745 0 0 -4.57125 0.000116455 8.16369e+16 0.01 0.01 8.02954e-23 0.000130797 -53926 0 0 0 0 0 0 0 0 0 7e+15 0 0 0 0 0 0 
18.5 1.99861 -0.601392 0 0 -4.56861 0.000128989 7.73857e+16 0.01 0.01 8.03155e-23 0.000123986 -51996.5 0 0 0 0 0 0 0 0 0 7e+15 0 0 0 0 0 0 
19 1.99605 -0.603945 0 0 -4.56605 0.000142355 7.34806e+16 0.01 0.01 8.03369e-23 0.000117729 -50175.4 0 0 0 0 0 0 0 0 0 7e+15 0 0 0 0 0 0 
19.5 1.99359 -0.60641 0 0 -4.56359 0.00015657 6.98851e+16 0.01 0.01 8.03597e-23 0.000111968 -48454.2 0 0 0 0 0 0 0 0 0 7e+15 0 0 0 0 0 0 
20 1.99121 -0.60879 0 0 -4.56121 0.000171649 6.65675e+16 0.01 0.01 8.03838e-23 0.000106653 -46824.9 0 0 0 0 0 0 0 0 0 7e+15 0 0 0 0 0 0 
20.5 1.98891 -0.611092 0 0 -4.55891 0.000187604 6.35001e+16 0.01 0.01 8.04094e-23 0.000101738 -45280.6 0 0 0 0 0 0 0 0 0 7e+15 0 0 0 0 0 0 
21 1.98668 -0.613319 0 0 -4.55668 0.000204448 6.06585e+16 0.01 0.01 8.04364e-23 9.71856e-05 -43814.9 0 0 0 0 0 0 0 0 0 7e+15 0 0 0 0 0 0 
21.5 1.98453 -0.615474 0 0 -4.55453 0.00022219 5.80211e+16 0.01 0.01 8.04648e-23 9.296e-05 -42422.2 0 0 0 0 0 0 0 0 0 7e+15 0 0 0 0 0 0 
22 1.98244 -0.617561 0 0 -4.55244 0.00024084 5.55689e+16 0.01 0.01 8.04947e-23 8.90311e-05 -41097.1 0 0 0 0 0 0 0 0 0 7e+15 0 0 0 0 0 0 
22.5 1.98042 -0.619583 0 0 -4.55042 0.000260404 5.3285e+16 0.01 0.01 8.0526e-23 8.5372e-05 -39835 0 0 0 0 0 0 0 0 0 7e+15 0 0 0 0 0 0 
23 1.97846 -0.621544 0 0 -4.54846 0.000280888 5.11544e+16 0.01 0.01 8.05589e-23 8.19584e-05 -38631.7 0 0 0 0 0 0 0 0 0 7e+15 0 0 0 0 0 0 
23.5 1.97655 -0.623446 0 0 -4.54655 0.000302297 4.91638e+16 0.01 0.01 8.05932e-23 7.87691e-05 -37483.2 0 0 0 0 0 0 0 0 0 7e+15 0 0 0 0 0 0 
24 1.97471 -0.625293 0 0 -4.54471 0.000324633 4.73012e+16 0.01 0.01 8.06289e-23 7.57848e-05 -36386 0 0 0 0 0 0 0 0 0 7e+15 0 0 0 0 0 0 
24.5 1.97291 -0.627085 0 0 -4.54291 0.000347897 4.55558e+16 0.01 0.01 8.06662e-23 7.29884e-05 -35336.8 0 0 0 0 0 0 0 0 0 7e+15 0 0 0 0 0 0 
25 1.97117 -0.628826 0 0 -4.54117 0.000372091 4.39181e+16 0.01 0.01 8.0705e-23 7.03646e-05 -34332.6 0 0 0 0 0 0 0 0 0 7e+15 0 0 0 0 0 0 
25.5 1.96948 -0.630518 0 0 -4.53948 0.000397213 4.23794e+16 0.01 0.01 8.07452e-23 6.78993e-05 -33370.7 0 0 0 0 0 0 0 0 0 7e+15 0 0 0 0 0 0 
26 1.96784 -0.632163 0 0 -4.53784 0.000423261 4.09319e+16 0.01 0.01 8.0787e-23 6.55801e-05 -32448.5 0 0 0 0 0 0 0 0 0 7e+15 0 0 0 0 0 0 
26.5 1.96624 -0.633763 0 0 -4.53624 0.00045023 3.95685e+16 0.01 0.01 8.08302e-23 6.33957e-05 -31563.7 0 0 0 0 0 0 0 0 0 7e+15 0 0 0 0 0 0 
27 1.96468 -0.63532 0 0 -4.53468 0.000478118 3.82829e+16 0.01 0.01 8.08749e-23 6.13359e-05 -30714.1 0 0 0 0 0 0 0 0 0 7e+15 0 0 0 0 0 0 
27.5 1.96317 -0.636835 0 0 -4.53317 0.000506916 3.70692e+16 0.01 0.01 8.0921e-23 5.93914e-05 -29897.8 0 0 0 0 0 0 0 0 0 7e+15 0 0 0 0 0 0 
28 1.96169 -0.638309 0 0 -4.53169 0.00053662 3.59222e+16 0.01 0.01 8.09686e-23 5.75537e-05 -29112.9 0 0 0 0 0 0 0 0 0 7e+15 0 0 0 0 0 0 
28.5 1.96025 -0.639746 0 0 -4.53025 0.00056722 3.48371e+16 0.01 0.01 8.10176e-23 5.58152e-05 -28357.7 0 0 0 0 0 0 0 0 0 7e+15 0 0 0 0 0 0 
29 1.95885 -0.641145 0 0 -4.52885 0.000598708 3.38096e+16 0.01 0.01 8.10681e-23 5.41689e-05 -27630.6 0 0 0 0 0 0 0 0 0 7e+15 0 0 0 0 0 0 
29.5 1.95749 -0.642509 0 0 -4.52749 0.000631074 3.28355e+16 0.01 0.01 8.11199e-23 5.26083e-05 -26930.2 0 0 0 0 0 0 0 0 0 7e+15 0 0 0 0 0 0 
30 1.95616 -0.643838 0 0 -4.52616 0.000664307 3.19114e+16 0.01 0.01 8.11732e-23 5.11277e-05 -26255 0 0 0 0 0 0 0 0 0 7e+15 0 0 0 0 0 0 
30.5 1.95487 -0.645134 0 0 -4.52487 0.000698395 3.10338e+16 0.01 0.01 8.12278e-23 4.97216e-05 -25603.7 0 0 0 0 0 0 0 0 0 7e+15 0 0 0 0 0 0 
31 1.9536 -0.646399 0 0 -4.5236 0.000733326 3.01996e+16 0.01 0.01 8.12837e-23 4.83851e-05 -24975.3 0 0 0 0 0 0 0 0 0 7e+15 0 0 0 0 0 0 
31.5 1.95237 -0.647632 0 0 -4.52237 0.000769087 2.94061e+16 0.01 0.01 8.1341e-23 4.71138e-05 -24368.5 0 0 0 0 0 0 0 0 0 7e+15 0 0 0 0 0 0 
32 1.95116 -0.648835 0 0 -4.52116 0.000805664 2.86506e+16 0.01 0.01 8.13996e-23 4.59034e-05 -23782.3 0 0 0 0 0 0 0 0 0 7e+15 0 0 0 0 0 0 
32.5 1.94999 -0.65001 0 0 -4.51999 0.000843041 2.79308e+16 0.01 0.01 8.14595e-23 4.47501e-05 -23215.8 0 0 0 0 0 0 0 0 0 7e+15 0 0 0 0 0 0 
33 1.94884 -0.651157 0 0 -4.51884 0.000881204 2.72445e+16 0.01 0.01 8.15207e-23 4.36504e-05 -22667.9 0 0 0 0 0 0 0 0 0 7e+15 0 0 0 0 0 0 
33.5 1.94772 -0.652277 0 0 -4.51772 0.000920137 2.65895e+16 0.01 0.01 8.1583e-23 4.26011e-05 -22137.9 0 0 0 0 0 0 0 0 0 7e+15 0 0 0 0 0 0 
34 1.94663 -0.653371 0 0 -4.51663 0.000959824 2.5964e+16 0.01 0.01 8.16466e-23 4.1599e-05 -21624.9 0 0 0 0 0 0 0 0 0 7e+15 0 0 0 0 0 0 
34.5 1.94556 -0.654439 0 0 -4.51556 0.00100025 2.53663e+16 0.01 0.01 8.17114e-23 4.06414e-05 -21128.3 0 0 0 0 0 0 0 0 0 7e+15 0 0 0 0 0 0 
35 1.94452 -0.655484 0 0 -4.51452 0.00104139 2.47948e+16 0.01 0.01 8.17773e-23 3.97257e-05 -20647.1 0 0 0 0 0 0 0 0 0 7e+15 0 0 0 0 0 0 
35.5 1.9435 -0.656504 0 0 -4.5135 0.00108323 2.42479e+16 0.01 0.01 8.18444e-23 3.88495e-05 -20180.9 0 0 0 0 0 0 0 0 0 7e+15 0 0 0 0 0 0 
36 1.9425 -0.657502 0 0 -4.5125 0.00112576 2.37243e+16 0.01 0.01 8.19125e-23 3.80105e-05 -19728.9 0 0 0 0 0 0 0 0 0 7e+15 0 0 0 0 0 0 
36.5 1.94152 -0.658477 0 0 -4.51152 0.00116895 2.32226e+16 0.01 0.01 8.19817e-23 3.72067e-05 -19290.5 0 0 0 0 0 0 0 0 0 7e+15 0 0 0 0 0 0 
37 1.94057 -0.659431 0 0 -4.51057 0.00121279 2.27417e+16 0.01 0.01 8.20519e-23 3.64362e-05 -18865.2 0 0 0 0 0 0 0 0 0 7e+15 0 0 0 0 0 0 
37.5 1.93964 -0.660364 0 0 -4.50964 0.00125725 2.22804e+16 0.01 0.01 8.21232e-23 3.56971e-05 -18452.4 0 0 0 0 0 0 0 0 0 7e+15 0 0 0 0 0 0 
38 1.93872 -0.661276 0 0 -4.50872 0.00130232 2.18376e+16 0.01 0.01 8.21954e-23 3.49877e-05 -18051.7 0 0 0 0 0 0 0 0 0 7e+15 0 0 0 0 0 0 
38.5 1.93783 -0.662169 0 0 -4.50783 0.00134798 2.14124e+16 0.01 0.01 8.22685e-23 3.43065e-05 -17662.5 0 0 0 0 0 0 0 0 0 7e+15 0 0 0 0 0 0 
39 1.93696 -0.663042 0 0 -4.50696 0.00139421 2.10039e+16 0.01 0.01 8.23426e-23 3.3652e-05 -17284.5 0 0 0 0 0 0 0 0 0 7e+15 0 0 0 0 0 0 
39.5 1.9361 -0.663897 0 0 -4.5061 0.00144098 2.06112e+16 0.01 0.01 8.24175e-23 3.30229e-05 -16917 0 0 0 0 0 0 0 0 0 7e+15 0 0 0 0 0 0 
40 1.93527 -0.664734 0 0 -4.50527 0.00148828 2.02336e+16 0.01 0.01 8.24933e-23 3.24177e-05 -16559.8 0 0 0 0 0 0 0 0 0 7e+15 0 0 0 0 0 0 
40.5 1.93445 -0.665553 0 0 -4.50445 0.00153609 1.98701e+16 0.01 0.01 8.25699e-23 3.18354e-05 -16212.5 0 0 0 0 0 0 0 0 0 7e+15 0 0 0 0 0 0 
41 1.93364 -0.666355 0 0 -4.50364 0.00158439 1.95202e+16 0.01 0.01 8.26473e-23 3.12749e-05 -15874.7 0 0 0 0 0 0 0 0 0 7e+15 0 0 0 0 0 0 
41.5 1.93286 -0.667141 0 0 -4.50286 0.00163316 1.91832e+16 0.01 0.01 8.27254e-23 3.07349e-05 -15546 0 0 0 0 0 0 0 0 0 7e+15 0 0 0 0 0 0 
42 1.93209 -0.66791 0 0 -4.50209 0.00168237 1.88585e+16 0.01 0.01 8.28043e-23 3.02146e-05 -15226.1 0 0 0 0 0 0 0 0 0 7e+15 0 0 0 0 0 0 
42.5 1.93134 -0.668663 0 0 -4.50134 0.00173201 1.85454e+16 0.01 0.01 8.28838e-23 2.9713e-05 -14914.7 0 0 0 0 0 0 0 0 0 7e+15 0 0 0 0 0 0 
43 1.9306 -0.669401 0 0 -4.5006 0.00178206 1.82435e+16 0.01 0.01 8.2964e-23 2.92293e-05 -14611.5 0 0 0 0 0 0 0 0 0 7e+15 0 0 0 0 0 0 
43.5 1.92988 -0.670124 0 0 -4.49988 0.0018325 1.79522e+16 0.01 0.01 8.30448e-23 2.87625e-05 -14316.2 0 0 0 0 0 0 0 0 0 7e+15 0 0 0 0 0 0 
44 1.92917 -0.670833 0 0 -4.49917 0.0018833 1.76709e+16 0.01 0.01 8.31262e-23 2.8312e-05 -14028.5 0 0 0 0 0 0 0 0 0 7e+15 0 0 0 0 0 0 
44.5 1.92847 -0.671527 0 0 -4.49847 0.00193445 1.73994e+16 0.01 0.01 8.32082e-23 2.78769e-05 -13748.2 0 0 0 0 0 0 0 0 0 7e+15 0 0 0 0 0 0 
45 1.92779 -0.672208 0 0 -4.49779 0.00198593 1.7137e+16 0.01 0.01 8.32906e-23 2.74566e-05 -13474.9 0 0 0 0 0 0 0 0 0 7e+15 0 0 0 0 0 0 
45.5 1.92713 -0.672875 0 0 -4.49713 0.00203772 1.68835e+16 0.01 0.01 8.33736e-23 2.70504e-05 -13208.6 0 0 0 0 0 0 0 0 0 7e+15 0 0 0 0 0 0 
46 1.92647 -0.673529 0 0 -4.49647 0.0020898 1.66384e+16 0.01 0.01 8.34571e-23 2.66577e-05 -12948.8 0 0 0 0 0 0 0 0 0 7e+15 0 0 0 0 0 0 
46.5 1.92583 -0.67417 0 0 -4.49583 0.00214215 1.64014e+16 0.01 0.01 8.35409e-23 2.62779e-05 -12695.5 0 0 0 0 0 0 0 0 0 7e+15 0 0 0 0 0 0 
47 1.9252 -0.674798 0 0 -4.4952 0.00219475 1.61721e+16 0.01 0.01 8.36252e-23 2.59105e-05 -12448.4 0 0 0 0 0 0 0 0 0 7e+15 0 0 0 0 0 0 
47.5 1.92459 -0.675414 0 0 -4.49459 0.00224758 1.59501e+16 0.01 0.01 8.37098e-23 2.55549e-05 -12207.2 0 0 0 0 0 0 0 0 0 7e+15 0 0 0 0 0 0 
48 1.92398 -0.676019 0 0 -4.49398 0.00230062 1.57353e+16 0.01 0.01 8.37948e-23 2.52107e-05 -11971.9 0 0 0 0 0 0 0 0 0 7e+15 0 0 0 0 0 0 
48.5 1.92339 -0.676612 0 0 -4.49339 0.00235386 1.55272e+16 0.01 0.01 8.38801e-23 2.48773e-05 -11742.2 0 0 0 0 0 0 0 0 0 7e+15 0 0 0 0 0 0 
49 1.92281 -0.677193 0 0 -4.49281 0.00240728 1.53256e+16 0.01 0.01 8.39657e-23 2.45543e-05 -11518 0 0 0 0 0 0 0 0 0 7e+15 0 0 0 0 0 0 
49.5 1.92224 -0.677763 0 0 -4.49224 0.00246085 1.51303e+16 0.01 0.01 8.40515e-23 2.42414e-05 -11299.1 0 0 0 0 0 0 0 0 0 7e+15 0 0 0 0 0 0 
50 1.92168 -0.678323 0 0 -4.49168 0.00251457 1.49409e+16 0.01 0.01 8.41376e-23 2.3938e-05 -11085.2 0 0 0 0 0 0 0 0 0 7e+15 0 0 0 0 0 0 
50.5 1.92113 -0.678872 0 0 -4.49113 0.00256842 1.47573e+16 0.01 0.01 8.42239e-23 2.36438e-05 -10876.4 0 0 0 0 0 0 0 0 0 7e+15 0 0 0 0 0 0 
51 1.92059 -0.679411 0 0 -4.49059 0.00262237 1.45792e+16 0.01 0.01 8.43103e-23 2.33584e-05 -10672.3 0 0 0 0 0 0 0 0 0 7e+15 0 0 0 0 0 0 
51.5 1.92006 -0.679939 0 0 -4.49006 0.00267641 1.44064e+16 0.01 0.01 8.43969e-23 2.30816e-05 -10472.9 0 0 0 0 0 0 0 0 0 7e+15 0 0 0 0 0 0 
52 1.91954 -0.680458 0 0 -4.48954 0.00273053 1.42387e+16 0.01 0.01 8.44836e-23 2.28129e-05 -10278.1 0 0 0 0 0 0 0 0 0 7e+15 0 0 0 0 0 0 
52.5 1.91903 -0.680967 0 0 -4.48903 0.0027847 1.40759e+16 0.01 0.01 8.45704e-23 2.25521e-05 -10087.6 0 0 0 0 0 0 0 0 0 7e+15 0 0 0 0 0 0 
53 1.91853 -0.681467 0 0 -4.48853 0.00283892 1.39178e+16 0.01 0.01 8.46573e-23 2.22988e-05 -9901.41 0 0 0 0 0 0 0 0 0 7e+15 0 0 0 0 0 0 
53.5 1.91804 -0.681957 0 0 -4.48804 0.00289317 1.37643e+16 0.01 0.01 8.47442e-23 2.20528e-05 -9719.37 0 0 0 0 0 0 0 0 0 7e+15 0 0 0 0 0 0 
54 1.91756 -0.682439 0 0 -4.48756 0.00294743 1.36151e+16 0.01 0.01 8.48311e-23 2.18139e-05 -9541.35 0 0 0 0 0 0 0 0 0 7e+15 0 0 0 0 0 0 
54.5 1.91709 -0.682911 0 0 -4.48709 0.00300169 1.34702e+16 0.01 0.01 8.49181e-23 2.15816e-05 -9367.25 0 0 0 0 0 0 0 0 0 7e+15 0 0 0 0 0 0 
55 1.91662 -0.683375 0 0 -4.48662 0.00305593 1.33293e+16 0.01 0.01 8.5005e-23 2.13559e-05 -9196.95 0 0 0 0 0 0 0 0 0 7e+15 0 0 0 0 0 0 
55.5 1.91617 -0.683831 0 0 -4.48617 0.00311013 1.31923e+16 0.01 0.01 8.50918e-23 2.11364e-05 -9030.35 0 0 0 0 0 0 0 0 0 7e+15 0 0 0 0 0 0 
56 1.91572 -0.684278 0 0 -4.48572 0.0031643 1.30591e+16 0.01 0.01 8.51786e-23 2.09229e-05 -8867.34 0 0 0 0 0 0 0 0 0 7e+15 0 0 0 0 0 0 
56.5 1.91528 -0.684718 0 0 -4.48528 0.0032184 1.29295e+16 0.01 0.01 8.52653e-23 2.07153e-05 -8707.83 0 0 0 0 0 0 0 0 0 7e+15 0 0 0 0 0 0 
57 1.91485 -0.685149 0 0 -4.48485 0.00327244 1.28034e+16 0.01 0.01 8.53518e-23 2.05133e-05 -8551.72 0 0 0 0 0 0 0 0 0 7e+15 0 0 0 0 0 0 
57.5 1.91443 -0.685573 0 0 -4.48443 0.00332639 1.26807e+16 0.01 0.01 8.54383e-23 2.03167e-05 -8398.92 0 0 0 0 0 0 0 0 0 7e+15 0 0 0 0 0 0 
58 1.91401 -0.685989 0 0 -4.48401 0.00338024 1.25613e+16 0.01 0.01 8.55246e-23 2.01254e-05 -8249.35 0 0 0 0 0 0 0 0 0 7e+15 0 0 0 0 0 0 
58.5 1.9136 -0.686398 0 0 -4.4836 0.00343398 1.2445e+16 0.01 0.01 8.56107e-23 1.99391e-05 -8102.9 0 0 0 0 0 0 0 0 0 7e+15 0 0 0 0 0 0 
59 1.9132 -0.686799 0 0 -4.4832 0.0034876 1.23318e+16 0.01 0.01 8.56966e-23 1.97577e-05 -7959.52 0 0 0 0 0 0 0 0 0 7e+15 0 0 0 0 0 0 
59.5 1.91281 -0.687194 0 0 -4.48281 0.00354109 1.22215e+16 0.01 0.01 8.57823e-23 1.9581e-05 -7819.1 0 0 0 0 0 0 0 0 0 7e+15 0 0 0 0 0 0 
60 1.91242 -0.687581 0 0 -4.48242 0.00359444 1.21141e+16 0.01 0.01 8.58677e-23 1.94089e-05 -7681.59 0 0 0 0 0 0 0 0 0 7e+15 0 0 0 0 0 0 
60.5 1.91204 -0.687962 0 0 -4.48204 0.00364763 1.20094e+16 0.01 0.01 8.5953e-23 1.92412e-05 -7546.89 0 0 0 0 0 0 0 0 0 7e+15 0 0 0 0 0 0 
61 1.91166 -0.688336 0 0 -4.48166 0.00370066 1.19074e+16 0.01 0.01 8.60379e-23 1.90777e-05 -7414.95 0 0 0 0 0 0 0 0 0 7e+15 0 0 0 0 0 0 
61.5 1.9113 -0.688703 0 0 -4.4813 0.00375351 1.18079e+16 0.01 0.01 8.61226e-23 1.89184e-05 -7285.68 0 0 0 0 0 0 0 0 0 7e+15 0 0 0 0 0 0 
62 1.91094 -0.689065 0 0 -4.48094 0.00380617 1.1711e+16 0.01 0.01 8.6207e-23 1.87631e-05 -7159.03 0 0 0 0 0 0 0 0 0 7e+15 0 0 0 0 0 0 
62.5 1.91058 -0.689419 0 0 -4.48058 0.00385864 1.16165e+16 0.01 0.01 8.62911e-23 1.86116e-05 -7034.93 0 0 0 0 0 0 0 0 0 7e+15 0 0 0 0 0 0 
63 1.91023 -0.689768 0 0 -4.48023 0.00391091 1.15243e+16 0.01 0.01 8.63748e-23 1.84639e-05 -6913.31 0 0 0 0 0 0 0 0 0 7e+15 0 0 0 0 0 0 
63.5 1.90989 -0.690111 0 0 -4.47989 0.00396297 1.14344e+16 0.01 0.01 8.64582e-23 1.83199e-05 -6794.11 0 0 0 0 0 0 0 0 0 7e+15 0 0 0 0 0 0 
64 1.90955 -0.690447 0 0 -4.47955 0.0040148 1.13466e+16 0.01 0.01 8.65412e-23 1.81793e-05 -6677.27 0 0 0 0 0 0 0 0 0 7e+15 0 0 0 0 0 0 
64.5 1.90922 -0.690778 0 0 -4.47922 0.0040664 1.1261e+16 0.01 0.01 8.66239e-23 1.80422e-05 -6562.75 0 0 0 0 0 0 0 0 0 7e+15 0 0 0 0 0 0 
65 1.9089 -0.691104 0 0 -4.4789 0.00411777 1.11775e+16 0.01 0.01 8.67062e-23 1.79083e-05 -6450.47 0 0 0 0 0 0 0 0 0 7e+15 0 0 0 0 0 0 
65.5 1.90858 -0.691423 0 0 -4.47858 0.00416889 1.10959e+16 0.01 0.01 8.67881e-23 1.77777e-05 -6340.39 0 0 0 0 0 0 0 0 0 7e+15 0 0 0 0 0 0 
66 1.90826 -0.691738 0 0 -4.47826 0.00421976 1.10163e+16 0.01 0.01 8.68696e-23 1.76501e-05 -6232.46 0 0 0 0 0 0 0 0 0 7e+15 0 0 0 0 0 0 
66.5 1.90795 -0.692047 0 0 -4.47795 0.00427036 1.09386e+16 0.01 0.01 8.69507e-23 1.75256e-05 -6126.61 0 0 0 0 0 0 0 0 0 7e+15 0 0 0 0 0 0 
67 1.90765 -0.69235 0 0 -4.47765 0.0043207 1.08627e+16 0.01 0.01 8.70314e-23 1.74039e-05 -6022.82 0 0 0 0 0 0 0 0 0 7e+15 0 0 0 0 0 0 
67.5 1.90735 -0.692649 0 0 -4.47735 0.00437077 1.07886e+16 0.01 0.01 8.71116e-23 1.72852e-05 -5921.01 0 0 0 0 0 0 0 0 0 7e+15 0 0 0 0 0 0 
68 1.90706 -0.692943 0 0 -4.47706 0.00442055 1.07161e+16 0.01 0.01 8.71913e-23 1.71691e-05 -5821.16 0 0 0 0 0 0 0 0 0 7e+15 0 0 0 0 0 0 
68.5 1.90677 -0.693231 0 0 -4.47677 0.00447005 1.06454e+16 0.01 0.01 8.72706e-23 1.70558e-05 -5723.22 0 0 0 0 0 0 0 0 0 7e+15 0 0 0 0 0 0 
69 1.90649 -0.693515 0 0 -4.47649 0.00451926 1.05762e+16 0.01 0.01 8.73495e-23 1.6945e-05 -5627.13 0 0 0 0 0 0 0 0 0 7e+15 0 0 0 0 0 0 
69.5 1.90621 -0.693794 0 0 -4.47621 0.00456817 1.05087e+16 0.01 0.01 8.74278e-23 1.68368e-05 -5532.86 0 0 0 0 0 0 0 0 0 7e+15 0 0 0 0 0 0 
70 1.90593 -0.694068 0 0 -4.47593 0.00461678 1.04426e+16 0.01 0.01 8.75057e-23 1.6731e-05 -5440.37 0 0 0 0 0 0 0 0 0 7e+15 0 0 0 0 0 0 
70.5 1.90566 -0.694338 0 0 -4.47566 0.00466508 1.03781e+16 0.01 0.01 8.75831e-23 1.66275e-05 -5349.62 0 0 0 0 0 0 0 0 0 7e+15 0 0 0 0 0 0 
71 1.9054 -0.694603 0 0 -4.4754 0.00471307 1.0315e+16 0.01 0.01 8.766e-23 1.65264e-05 -5260.57 0 0 0 0 0 0 0 0 0 7e+15 0 0 0 0 0 0 
71.5 1.90514 -0.694864 0 0 -4.47514 0.00476074 1.02533e+16 0.01 0.01 8.77364e-23 1.64276e-05 -5173.18 0 0 0 0 0 0 0 0 0 7e+15 0 0 0 0 0 0 
72 1.90488 -0.69512 0 0 -4.47488 0.00480809 1.01929e+16 0.01 0.01 8.78122e-23 1.63309e-05 -5087.41 0 0 0 0 0 0 0 0 0 7e+15 0 0 0 0 0 0 
72.5 1.90463 -0.695373 0 0 -4.47463 0.00485512 1.01339e+16 0.01 0.01 8.78876e-23 1.62363e-05 -5003.23 0 0 0 0 0 0 0 0 0 7e+15 0 0 0 0 0 0 
73 1.90438 -0.695621 0 0 -4.47438 0.00490182 1.00762e+16 0.01 0.01 8.79624e-23 1.61439e-05 -4920.6 0 0 0 0 0 0 0 0 0 7e+15 0 0 0 0 0 0 
73.5 1.90414 -0.695865 0 0 -4.47414 0.00494818 1.00197e+16 0.01 0.01 8.80367e-23 1.60534e-05 -4839.49 0 0 0 0 0 0 0 0 0 7e+15 0 0 0 0 0 0 
74 1.9039 -0.696105 0 0 -4.4739 0.00499421 9.96449e+15 0.01 0.01 8.81104e-23 1.59649e-05 -4759.87 0 0 0 0 0 0 0 0 0 7e+15 0 0 0 0 0 0 
74.5 1.90366 -0.696341 0 0 -4.47366 0.0050399 9.91043e+15 0.01 0.01 8.81836e-23 1.58783e-05 -4681.7 0 0 0 0 0 0 0 0 0 7e+15 0 0 0 0 0 0 
75 1.90343 -0.696573 0 0 -4.47343 0.00508524 9.85753e+15 0.01 0.01 8.82563e-23 1.57935e-05 -4604.96 0 0 0 0 0 0 0 0 0 7e+15 0 0 0 0 0 0 
75.5 1.9032 -0.696801 0 0 -4.4732 0.00513025 9.80576e+15 0.01 0.01 8.83284e-23 1.57106e-05 -4529.61 0 0 0 0 0 0 0 0 0 7e+15 0 0 0 0 0 0 
76 1.90297 -0.697026 0 0 -4.47297 0.0051749 9.75508e+15 0.01 0.01 8.83999e-23 1.56294e-05 -4455.62 0 0 0 0 0 0 0 0 0 7e+15 0 0 0 0 0 0 
76.5 1.90275 -0.697247 0 0 -4.47275 0.00521921 9.70547e+15 0.01 0.01 8.84709e-23 1.55499e-05 -4382.97 0 0 0 0 0 0 0 0 0 7e+15 0 0 0 0 0 0 
77 1.90254 -0.697464 0 0 -4.47254 0.00526316 9.6569e+15 0.01 0.01 8.85413e-23 1.54721e-05 -4311.62 0 0 0 0 0 0 0 0 0 7e+15 0 0 0 0 0 0 
77.5 1.90232 -0.697678 0 0 -4.47232 0.00530676 9.60935e+15 0.01 0.01 8.86112e-23 1.53959e-05 -4241.55 0 0 0 0 0 0 0 0 0 7e+15 0 0 0 0 0 0 
78 1.90211 -0.697888 0 0 -4.47211 0.00535 9.56278e+15 0.01 0.01 8.86805e-23 1.53213e-05 -4172.73 0 0 0 0 0 0 0 0 0 7e+15 0 0 0 0 0 0 
78.5 1.9019 -0.698095 0 0 -4.4719 0.00539289 9.51718e+15 0.01 0.01 8.87492e-23 1.52482e-05 -4105.14 0 0 0 0 0 0 0 0 0 7e+15 0 0 0 0 0 0 
79 1.9017 -0.698299 0 0 -4.4717 0.00543542 9.47251e+15 0.01 0.01 8.88173e-23 1.51766e-05 -4038.75 0 0 0 0 0 0 0 0 0 7e+15 0 0 0 0 0 0 
79.5 1.9015 -0.698499 0 0 -4.4715 0.00547759 9.42876e+15 0.01 0.01 8.88849e-23 1.51065e-05 -3973.54 0 0 0 0 0 0 0 0 0 7e+15 0 0 0 0 0 0 
80 1.9013 -0.698696 0 0 -4.4713 0.00551939 9.3859e+15 0.01 0.01 8.89519e-23 1.50379e-05 -3909.48 0 0 0 0 0 0 0 0 0 7e+15 0 0 0 0 0 0 
80.5 1.90111 -0.69889 0 0 -4.47111 0.00556084 9.34392e+15 0.01 0.01 8.90183e-23 1.49706e-05 -3846.55 0 0 0 0 0 0 0 0 0 7e+15 0 0 0 0 0 0 
81 1.90092 -0.699081 0 0 -4.47092 0.00560192 9.30278e+15 0.01 0.01 8.90841e-23 1.49047e-05 -3784.73 0 0 0 0 0 0 0 0 0 7e+15 0 0 0 0 0 0 
81.5 1.90073 -0.699268 0 0 -4.47073 0.00564264 9.26246e+15 0.01 0.01 8.91493e-23 1.48401e-05 -3723.98 0 0 0 0 0 0 0 0 0 7e+15 0 0 0 0 0 0 
82 1.90055 -0.699453 0 0 -4.47055 0.00568299 9.22296e+15 0.01 0.01 8.9214e-23 1.47768e-05 -3664.3 0 0 0 0 0 0 0 0 0 7e+15 0 0 0 0 0 0 
82.5 1.90037 -0.699635 0 0 -4.47037 0.00572298 9.18424e+15 0.01 0.01 8.9278e-23 1.47148e-05 -3605.66 0 0 0 0 0 0 0 0 0 7e+15 0 0 0 0 0 0 
83 1.90019 -0.699814 0 0 -4.47019 0.0057626 9.1463e+15 0.01 0.01 8.93415e-23 1.4654e-05 -3548.05 0 0 0 0 0 0 0 0 0 7e+15 0 0 0 0 0 0 
83.5 1.90001 -0.69999 0 0 -4.47001 0.00580186 9.1091e+15 0.01 0.01 8.94044e-23 1.45944e-05 -3491.43 0 0 0 0 0 0 0 0 0 7e+15 0 0 0 0 0 0 
84 1.89984 -0.700163 0 0 -4.46984 0.00584076 9.07264e+15 0.01 0.01 8.94667e-23 1.4536e-05 -3435.79 0 0 0 0 0 0 0 0 0 7e+15 0 0 0 0 0 0 
84.5 1.89967 -0.700333 0 0 -4.46967 0.00587929 9.03689e+15 0.01 0.01 8.95285e-23 1.44787e-05 -3381.11 0 0 0 0 0 0 0 0 0 7e+15 0 0 0 0 0 0 
85 1.8995 -0.700501 0 0 -4.4695 0.00591745 9.00184e+15 0.01 0.01 8.95896e-23 1.44225e-05 -3327.37 0 0 0 0 0 0 0 0 0 7e+15 0 0 0 0 0 0 
85.5 1.89933 -0.700666 0 0 -4.46933 0.00595525 8.96747e+15 0.01 0.01 8.96502e-23 1.43675e-05 -3274.56 0 0 0 0 0 0 0 0 0 7e+15 0 0 0 0 0 0 
86 1.89917 -0.700828 0 0 -4.46917 0.00599269 8.93377e+15 0.01 0.01 8.97102e-23 1.43135e-05 -3222.65 0 0 0 0 0 0 0 0 0 7e+15 0 0 0 0 0 0 
86.5 1.89901 -0.700988 0 0 -4.46901 0.00602976 8.90072e+15 0.01 0.01 8.97696e-23 1.42605e-05 -3171.64 0 0 0 0 0 0 0 0 0 7e+15 0 0 0 0 0 0 
87 1.89885 -0.701146 0 0 -4.46885 0.00606647 8.8683e+15 0.01 0.01 8.98284e-23 1.42086e-05 -3121.49 0 0 0 0 0 0 0 0 0 7e+15 0 0 0 0 0 0 
87.5 1.8987 -0.7013 0 0 -4.4687 0.00610282 8.83651e+15 0.01 0.01 8.98866e-23 1.41576e-05 -3072.19 0 0 0 0 0 0 0 0 0 7e+15 0 0 0 0 0 0 
88 1.89855 -0.701453 0 0 -4.46855 0.00613881 8.80532e+15 0.01 0.01 8.99443e-23 1.41077e-05 -3023.74 0 0 0 0 0 0 0 0 0 7e+15 0 0 0 0 0 0 
88.5 1.8984 -0.701603 0 0 -4.4684 0.00617443 8.77472e+15 0.01 0.01 9.00014e-23 1.40587e-05 -2976.11 0 0 0 0 0 0 0 0 0 7e+15 0 0 0 0 0 0 
89 1.89825 -0.70175 0 0 -4.46825 0.0062097 8.74471e+15 0.01 0.01 9.00579e-23 1.40106e-05 -2929.28 0 0 0 0 0 0 0 0 0 7e+15 0 0 0 0 0 0 
89.5 1.8981 -0.701896 0 0 -4.4681 0.00624461 8.71526e+15 0.01 0.01 9.01138e-23 1.39634e-05 -2883.24 0 0 0 0 0 0 0 0 0 7e+15 0 0 0 0 0 0 
90 1.89796 -0.702039 0 0 -4.46796 0.00627916 8.68637e+15 0.01 0.01 9.01692e-23 1.39171e-05 -2837.98 0 0 0 0 0 0 0 0 0 7e+15 0 0 0 0 0 0 
90.5 1.89782 -0.70218 0 0 -4.46782 0.00631336 8.65802e+15 0.01 0.01 9.02239e-23 1.38717e-05 -2793.49 0 0 0 0 0 0 0 0 0 7e+15 0 0 0 0 0 0 
91 1.89768 -0.702318 0 0 -4.46768 0.00634721 8.63019e+15 0.01 0.01 9.02782e-23 1.38271e-05 -2749.74 0 0 0 0 0 0 0 0 0 7e+15 0 0 0 0 0 0 
91.5 1.89755 -0.702455 0 0 -4.46755 0.0063807 8.60289e+15 0.01 0.01 9.03318e-23 1.37833e-05 -2706.72 0 0 0 0 0 0 0 0 0 7e+15 0 0 0 0 0 0 
92 1.89741 -0.702589 0 0 -4.46741 0.00641384 8.57609e+15 0.01 0.01 9.03849e-23 1.37404e-05 -2664.42 0 0 0 0 0 0 0 0 0 7e+15 0 0 0 0 0 0 
92.5 1.89728 -0.702721 0 0 -4.46728 0.00644663 8.54979e+15 0.01 0.01 9.04375e-23 1.36983e-05 -2622.83 0 0 0 0 0 0 0 0 0 7e+15 0 0 0 0 0 0 
93 1.89715 -0.702851 0 0 -4.46715 0.00647907 8.52397e+15 0.01 0.01 9.04894e-23 1.36569e-05 -2581.93 0 0 0 0 0 0 0 0 0 7e+15 0 0 0 0 0 0 
93.5 1.89702 -0.702979 0 0 -4.46702 0.00651117 8.49863e+15 0.01 0.01 9.05409e-23 1.36163e-05 -2541.72 0 0 0 0 0 0 0 0 0 7e+15 0 0 0 0 0 0 
94 1.89689 -0.703105 0 0 -4.46689 0.00654292 8.47375e+15 0.01 0.01 9.05917e-23 1.35764e-05 -2502.17 0 0 0 0 0 0 0 0 0 7e+15 0 0 0 0 0 0 
94.5 1.89677 -0.703229 0 0 -4.46677 0.00657433 8.44933e+15 0.01 0.01 9.06421e-23 1.35373e-05 -2463.28 0 0 0 0 0 0 0 0 0 7e+15 0 0 0 0 0 0 
95 1.89665 -0.703352 0 0 -4.46665 0.0066054 8.42535e+15 0.01 0.01 9.06918e-23 1.34989e-05 -2425.03 0 0 0 0 0 0 0 0 0 7e+15 0 0 0 0 0 0 
95.5 1.89653 -0.703472 0 0 -4.46653 0.00663613 8.4018e+15 0.01 0.01 9.07411e-23 1.34612e-05 -2387.41 0 0 0 0 0 0 0 0 0 7e+15 0 0 0 0 0 0 
96 1.89641 -0.70359 0 0 -4.46641 0.00666652 8.37868e+15 0.01 0.01 9.07898e-23 1.34241e-05 -2350.42 0 0 0 0 0 0 0 0 0 7e+15 0 0 0 0 0 0 
96.5 1.89629 -0.703707 0 0 -4.46629 0.00669658 8.35598e+15 0.01 0.01 9.08379e-23 1.33878e-05 -2314.03 0 0 0 0 0 0 0 0 0 7e+15 0 0 0 0 0 0 
97 1.89618 -0.703822 0 0 -4.46618 0.0067263 8.33368e+15 0.01 0.01 9.08855e-23 1.3352e-05 -2278.25 0 0 0 0 0 0 0 0 0 7e+15 0 0 0 0 0 0 
97.5 1.89607 -0.703935 0 0 -4.46607 0.0067557 8.31179e+15 0.01 0.01 9.09326e-23 1.3317e-05 -2243.05 0 0 0 0 0 0 0 0 0 7e+15 0 0 0 0 0 0 
98 1.89595 -0.704046 0 0 -4.46595 0.00678476 8.29029e+15 0.01 0.01 9.09792e-23 1.32825e-05 -2208.43 0 0 0 0 0 0 0 0 0 7e+15 0 0 0 0 0 0 
98.5 1.89584 -0.704156 0 0 -4.46584 0.0068135 8.26916e+15 0.01 0.01 9.10253e-23 1.32487e-05 -2174.37 0 0 0 0 0 0 0 0 0 7e+15 0 0 0 0 0 0 
99 1.89574 -0.704263 0 0 -4.46574 0.00684192 8.24842e+15 0.01 0.01 9.10708e-23 1.32154e-05 -2140.87 0 0 0 0 0 0 0 0 0 7e+15 0 0 0 0 0 0 
99.5 1.89563 -0.70437 0 0 -4.46563 0.00687002 8.22804e+15 0.01 0.01 9.11158e-23 1.31828e-05 -2107.92 0 0 0 0 0 0 0 0 0 7e+15 0 0 0 0 0 0 
100 1.89553 -0.704474 0 0 -4.46553 0.00689779 8.20802e+15 0.01 0.01 9.11603e-23 1.31507e-05 -2075.51 0 0 0 0 0 0 0 0 0 7e+15 0 0 0 0 0 0 
100.5 1.89542 -0.704577 0 0 -4.46542 0.00692525 8.18836e+15 0.01 0.01 9.12043e-23 1.31192e-05 -2043.63 0 0 0 0 0 0 0 0 0 7e+15 0 0 0 0 0 0 
101 1.89532 -0.704679 0 0 -4.46532 0.00695239 8.16904e+15 0.01 0.01 9.12478e-23 1.30882e-05 -2012.26 0 0 0 0 0 0 0 0 0 7e+15 0 0 0 0 0 0 
101.5 1.89522 -0.704778 0 0 -4.46522 0.00697922 8.15006e+15 0.01 0.01 9.12908e-23 1.30578e-05 -1981.41 0 0 0 0 0 0 0 0 0 7e+15 0 0 0 0 0 0 
102 1.89512 -0.704877 0 0 -4.46512 0.00700574 8.13141e+15 0.01 0.01 9.13333e-23 1.30279e-05 -1951.05 0 0 0 0 0 0 0 0 0 7e+15 0 0 0 0 0 0 
102.5 1.89503 -0.704974 0 0 -4.46503 0.00703195 8.11308e+15 0.01 0.01 9.13753e-23 1.29986e-05 -1921.19 0 0 0 0 0 0 0 0 0 7e+15 0 0 0 0 0 0 
103 1.89493 -0.705069 0 0 -4.46493 0.00705786 8.09508e+15 0.01 0.01 9.14168e-23 1.29697e-05 -1891.81 0 0 0 0 0 0 0 0 0 7e+15 0 0 0 0 0 0 
103.5 1.89484 -0.705163 0 0 -4.46484 0.00708347 8.07738e+15 0.01 0.01 9.14578e-23 1.29414e-05 -1862.9 0 0 0 0 0 0 0 0 0 7e+15 0 0 0 0 0 0 
104 1.89474 -0.705255 0 0 -4.46474 0.00710877 8.05999e+15 0.01 0.01 9.14983e-23 1.29135e-05 -1834.46 0 0 0 0 0 0 0 0 0 7e+15 0 0 0 0 0 0 
104.5 1.89465 -0.705346 0 0 -4.46465 0.00713378 8.04291e+15 0.01 0.01 9.15384e-23 1.28862e-05 -1806.48 0 0 0 0 0 0 0 0 0 7e+15 0 0 0 0 0 0 
105 1.89456 -0.705436 0 0 -4.46456 0.00715849 8.02611e+15 0.01 0.01 9.1578e-23 1.28592e-05 -1778.95 0 0 0 0 0 0 0 0 0 7e+15 0 0 0 0 0 0 
105.5 1.89448 -0.705524 0 0 -4.46448 0.00718291 8.00961e+15 0.01 0.01 9.16171e-23 1.28328e-05 -1751.87 0 0 0 0 0 0 0 0 0 7e+15 0 0 0 0 0 0 
106 1.89439 -0.705611 0 0 -4.46439 0.00720703 7.99338e+15 0.01 0.01 9.16558e-23 1.28068e-05 -1725.22 0 0 0 0 0 0 0 0 0 7e+15 0 0 0 0 0 0 
106.5 1.8943 -0.705697 0 0 -4.4643 0.00723087 7.97744e+15 0.01 0.01 9.1694e-23 1.27813e-05 -1699 0 0 0 0 0 0 0 0 0 7e+15 0 0 0 0 0 0 
107 1.89422 -0.705781 0 0 -4.46422 0.00725443 7.96176e+15 0.01 0.01 9.17317e-23 1.27561e-05 -1673.2 0 0 0 0 0 0 0 0 0 7e+15 0 0 0 0 0 0 
107.5 1.89414 -0.705864 0 0 -4.46414 0.0072777 7.94635e+15 0.01 0.01 9.1769e-23 1.27315e-05 -1647.81 0 0 0 0 0 0 0 0 0 7e+15 0 0 0 0 0 0 
108 1.89405 -0.705946 0 0 -4.46405 0.00730069 7.93121e+15 0.01 0.01 9.18058e-23 1.27072e-05 -1622.83 0 0 0 0 0 0 0 0 0 7e+15 0 0 0 0 0 0 
108.5 1.89397 -0.706026 0 0 -4.46397 0.00732341 7.91631e+15 0.01 0.01 9.18422e-23 1.26833e-05 -1598.24 0 0 0 0 0 0 0 0 0 7e+15 0 0 0 0 0 0 
109 1.89389 -0.706105 0 0 -4.46389 0.00734585 7.90168e+15 0.01 0.01 9.18782e-23 1.26599e-05 -1574.06 0 0 0 0 0 0 0 0 0 7e+15 0 0 0 0 0 0 
109.5 1.89382 -0.706184 0 0 -4.46382 0.00736802 7.88728e+15 0.01 0.01 9.19137e-23 1.26368e-05 -1550.25 0 0 0 0 0 0 0 0 0 7e+15 0 0 0 0 0 0 
110 1.89374 -0.706261 0 0 -4.46374 0.00738992 7.87313e+15 0.01 0.01 9.19488e-23 1.26141e-05 -1526.83 0 0 0 0 0 0 0 0 0 7e+15 0 0 0 0 0 0 
110.5 1.89366 -0.706336 0 0 -4.46366 0.00741155 7.85922e+15 0.01 0.01 9.19834e-23 1.25919e-05 -1503.78 0 0 0 0 0 0 0 0 0 7e+15 0 0 0 0 0 0 
111 1.89359 -0.706411 0 0 -4.46359 0.00743291 7.84554e+15 0.01 0.01 9.20177e-23 1.25699e-05 -1481.1 0 0 0 0 0 0 0 0 0 7e+15 0 0 0 0 0 0 
111.5 1.89352 -0.706484 0 0 -4.46352 0.00745402 7.83208e+15 0.01 0.01 9.20515e-23 1.25484e-05 -1458.78 0 0 0 0 0 0 0 0 0 7e+15 0 0 0 0 0 0 
112 1.89344 -0.706557 0 0 -4.46344 0.00747486 7.81885e+15 0.01 0.01 9.20849e-23 1.25272e-05 -1436.81 0 0 0 0 0 0 0 0 0 7e+15 0 0 0 0 0 0 
112.5 1.89337 -0.706628 0 0 -4.46337 0.00749545 7.80584e+15 0.01 0.01 9.21179e-23 1.25063e-05 -1415.19 0 0 0 0 0 0 0 0 0 7e+15 0 0 0 0 0 0 
113 1.8933 -0.706698 0 0 -4.4633 0.00751579 7.79305e+15 0.01 0.01 9.21504e-23 1.24858e-05 -1393.92 0 0 0 0 0 0 0 0 0 7e+15 0 0 0 0 0 0 
113.5 1.89323 -0.706767 0 0 -4.46323 0.00753587 7.78047e+15 0.01 0.01 9.21826e-23 1.24657e-05 -1372.98 0 0 0 0 0 0 0 0 0 7e+15 0 0 0 0 0 0 
114 1.89316 -0.706836 0 0 -4.46316 0.0075557 7.76809e+15 0.01 0.01 9.22144e-23 1.24459e-05 -1352.38 0 0 0 0 0 0 0 0 0 7e+15 0 0 0 0 0 0 
114.5 1.8931 -0.706903 0 0 -4.4631 0.00757529 7.75592e+15 0.01 0.01 9.22458e-23 1.24264e-05 -1332.1 0 0 0 0 0 0 0 0 0 7e+15 0 0 0 0 0 0 
115 1.89303 -0.706969 0 0 -4.46303 0.00759463 7.74395e+15 0.01 0.01 9.22768e-23 1.24072e-05 -1312.15 0 0 0 0 0 0 0 0 0 7e+15 0 0 0 0 0 0 
115.5 1.89297 -0.707034 0 0 -4.46297 0.00761373 7.73218e+15 0.01 0.01 9.23074e-23 1.23883e-05 -1292.51 0 0 0 0 0 0 0 0 0 7e+15 0 0 0 0 0 0 
116 1.8929 -0.707098 0 0 -4.4629 0.0076326 7.7206e+15 0.01 0.01 9.23376e-23 1.23698e-05 -1273.18 0 0 0 0 0 0 0 0 0 7e+15 0 0 0 0 0 0 
116.5 1.89284 -0.707161 0 0 -4.46284 0.00765122 7.7092e+15 0.01 0.01 9.23674e-23 1.23515e-05 -1254.15 0 0 0 0 0 0 0 0 0 7e+15 0 0 0 0 0 0 
117 1.89278 -0.707223 0 0 -4.46278 0.00766962 7.698e+15 0.01 0.01 9.23969e-23 1.23336e-05 -1235.43 0 0 0 0 0 0 0 0 0 7e+15 0 0 0 0 0 0 
117.5 1.89272 -0.707285 0 0 -4.46272 0.00768778 7.68697e+15 0.01 0.01 9.2426e-23 1.23159e-05 -1217 0 0 0 0 0 0 0 0 0 7e+15 0 0 0 0 0 0 
118 1.89265 -0.707345 0 0 -4.46265 0.00770571 7.67613e+15 0.01 0.01 9.24547e-23 1.22985e-05 -1198.87 0 0 0 0 0 0 0 0 0 7e+15 0 0 0 0 0 0 
118.5 1.8926 -0.707405 0 0 -4.4626 0.00772342 7.66546e+15 0.01 0.01 9.24831e-23 1.22814e-05 -1181.02 0 0 0 0 0 0 0 0 0 7e+15 0 0 0 0 0 0 
119 1.89254 -0.707463 0 0 -4.46254 0.0077409 7.65496e+15 0.01 0.01 9.25111e-23 1.22646e-05 -1163.45 0 0 0 0 0 0 0 0 0 7e+15 0 0 0 0 0 0 
119.5 1.89248 -0.707521 0 0 -4.46248 0.00775816 7.64463e+15 0.01 0.01 9.25388e-23 1.22481e-05 -1146.16 0 0 0 0 0 0 0 0 0 7e+15 0 0 0 0 0 0 
120 1.89242 -0.707578 0 0 -4.46242 0.00777521 7.63447e+15 0.01 0.01 9.25661e-23 1.22318e-05 -1129.14 0 0 0 0 0 0 0 0 0 7e+15 0 0 0 0 0 0 
120.5 1.89237 -0.707634 0 0 -4.46237 0.00779203 7.62447e+15 0.01 0.01 9.2593e-23 1.22158e-05 -1112.39 0 0 0 0 0 0 0 0 0 7e+15 0 0 0 0 0 0 
121 1.89231 -0.707689 0 0 -4.46231 0.00780864 7.61464e+15 0.01 0.01 9.26197e-23 1.22e-05 -1095.9 0 0 0 0 0 0 0 0 0 7e+15 0 0 0 0 0 0 
121.5 1.89226 -0.707744 0 0 -4.46226 0.00782505 7.60495e+15 0.01 0.01 9.26459e-23 1.21845e-05 -1079.67 0 0 0 0 0 0 0 0 0 7e+15 0 0 0 0 0 0 
122 1.8922 -0.707797 0 0 -4.4622 0.00784124 7.59543e+15 0.01 0.01 9.26719e-23 1.21692e-05 -1063.7 0 0 0 0 0 0 0 0 0 7e+15 0 0 0 0 0 0 
122.5 1.89215 -0.70785 0 0 -4.46215 0.00785722 7.58606e+15 0.01 0.01 9.26975e-23 1.21542e-05 -1047.98 0 0 0 0 0 0 0 0 0 7e+15 0 0 0 0 0 0 
123 1.8921 -0.707902 0 0 -4.4621 0.007873 7.57683e+15 0.01 0.01 9.27228e-23 1.21394e-05 -1032.51 0 0 0 0 0 0 0 0 0 7e+15 0 0 0 0 0 0 
123.5 1.89205 -0.707953 0 0 -4.46205 0.00788858 7.56775e+15 0.01 0.01 9.27477e-23 1.21249e-05 -1017.28 0 0 0 0 0 0 0 0 0 7e+15 0 0 0 0 0 0 
124 1.892 -0.708004 0 0 -4.462 0.00790396 7.55882e+15 0.01 0.01 9.27724e-23 1.21106e-05 -1002.29 0 0 0 0 0 0 0 0 0 7e+15 0 0 0 0 0 0 
124.5 1.89195 -0.708053 0 0 -4.46195 0.00791915 7.55003e+15 0.01 0.01 9.27967e-23 1.20965e-05 -987.538 0 0 0 0 0 0 0 0 0 7e+15 0 0 0 0 0 0 
125 1.8919 -0.708102 0 0 -4.4619 0.00793413 7.54137e+15 0.01 0.01 9.28207e-23 1.20826e-05 -973.017 0 0 0 0 0 0 0 0 0 7e+15 0 0 0 0 0 0 
125.5 1.89185 -0.708151 0 0 -4.46185 0.00794893 7.53285e+15 0.01 0.01 9.28444e-23 1.2069e-05 -958.724 0 0 0 0 0 0 0 0 0 7e+15 0 0 0 0 0 0 
126 1.8918 -0.708198 0 0 -4.4618 0.00796353 7.52447e+15 0.01 0.01 9.28678e-23 1.20555e-05 -944.656 0 0 0 0 0 0 0 0 0 7e+15 0 0 0 0 0 0 
126.5 1.89175 -0.708245 0 0 -4.46175 0.00797795 7.51622e+15 0.01 0.01 9.28909e-23 1.20423e-05 -930.81 0 0 0 0 0 0 0 0 0 7e+15 0 0 0 0 0 0 
127 1.89171 -0.708291 0 0 -4.46171 0.00799218 7.50809e+15 0.01 0.01 9.29137e-23 1.20293e-05 -917.181 0 0 0 0 0 0 0 0 0 7e+15 0 0 0 0 0 0 
127.5 1.89166 -0.708337 0 0 -4.46166 0.00800623 7.5001e+15 0.01 0.01 9.29362e-23 1.20165e-05 -903.767 0 0 0 0 0 0 0 0 0 7e+15 0 0 0 0 0 0 
128 1.89162 -0.708382 0 0 -4.46162 0.0080201 7.49223e+15 0.01 0.01 9.29584e-23 1.20039e-05 -890.564 0 0 0 0 0 0 0 0 0 7e+15 0 0 0 0 0 0 
128.5 1.89157 -0.708426 0 0 -4.46157 0.00803378 7.48448e+15 0.01 0.01 9.29804e-23 1.19915e-05 -877.568 0 0 0 0 0 0 0 0 0 7e+15 0 0 0 0 0 0 
129 1.89153 -0.708469 0 0 -4.46153 0.00804729 7.47685e+15 0.01 0.01 9.3002e-23 1.19792e-05 -864.778 0 0 0 0 0 0 0 0 0 7e+15 0 0 0 0 0 0 
129.5 1.89149 -0.708512 0 0 -4.46149 0.00806063 7.46934e+15 0.01 0.01 9.30234e-23 1.19672e-05 -852.188 0 0 0 0 0 0 0 0 0 7e+15 0 0 0 0 0 0 
130 1.89145 -0.708555 0 0 -4.46145 0.00807379 7.46195e+15 0.01 0.01 9.30445e-23 1.19554e-05 -839.797 0 0 0 0 0 0 0 0 0 7e+15 0 0 0 0 0 0 
130.5 1.8914 -0.708596 0 0 -4.4614 0.00808679 7.45467e+15 0.01 0.01 9.30653e-23 1.19437e-05 -827.602 0 0 0 0 0 0 0 0 0 7e+15 0 0 0 0 0 0 
131 1.89136 -0.708637 0 0 -4.46136 0.00809961 7.4475e+15 0.01 0.01 9.30858e-23 1.19322e-05 -815.598 0 0 0 0 0 0 0 0 0 7e+15 0 0 0 0 0 0 
131.5 1.89132 -0.708678 0 0 -4.46132 0.00811227 7.44044e+15 0.01 0.01 9.31061e-23 1.19209e-05 -803.784 0 0 0 0 0 0 0 0 0 7e+15 0 0 0 0 0 0 
132 1.89128 -0.708718 0 0 -4.46128 0.00812477 7.43349e+15 0.01 0.01 9.31261e-23 1.19098e-05 -792.156 0 0 0 0 0 0 0 0 0 7e+15 0 0 0 0 0 0 
132.5 1.89124 -0.708757 0 0 -4.46124 0.0081371 7.42665e+15 0.01 0.01 9.31459e-23 1.18988e-05 -780.711 0 0 0 0 0 0 0 0 0 7e+15 0 0 0 0 0 0 
133 1.8912 -0.708796 0 0 -4.4612 0.00814928 7.41991e+15 0.01 0.01 9.31654e-23 1.1888e-05 -769.448 0 0 0 0 0 0 0 0 0 7e+15 0 0 0 0 0 0 
133.5 1.89117 -0.708834 0 0 -4.46117 0.00816129 7.41328e+15 0.01 0.01 9.31847e-23 1.18774e-05 -758.362 0 0 0 0 0 0 0 0 0 7e+15 0 0 0 0 0 0 
134 1.89113 -0.708872 0 0 -4.46113 0.00817315 7.40675e+15 0.01 0.01 9.32037e-23 1.18669e-05 -747.451 0 0 0 0 0 0 0 0 0 7e+15 0 0 0 0 0 0 
134.5 1.89109 -0.708909 0 0 -4.46109 0.00818486 7.40031e+15 0.01 0.01 9.32224e-23 1.18566e-05 -736.713 0 0 0 0 0 0 0 0 0 7e+15 0 0 0 0 0 0 
135 1.89105 -0.708945 0 0 -4.46105 0.00819642 7.39397e+15 0.01 0.01 9.32409e-23 1.18465e-05 -726.145 0 0 0 0 0 0 0 0 0 7e+15 0 0 0 0 0 0 
135.5 1.89102 -0.708981 0 0 -4.46102 0.00820782 7.38773e+15 0.01 0.01 9.32592e-23 1.18365e-05 -715.744 0 0 0 0 0 0 0 0 0 7e+15 0 0 0 0 0 0 
136 1.89098 -0.709017 0 0 -4.46098 0.00821908 7.38159e+15 0.01 0.01 9.32772e-23 1.18266e-05 -705.508 0 0 0 0 0 0 0 0 0 7e+15 0 0 0 0 0 0 
136.5 1.89095 -0.709052 0 0 -4.46095 0.00823019 7.37553e+15 0.01 0.01 9.3295e-23 1.18169e-05 -695.435 0 0 0 0 0 0 0 0 0 7e+15 0 0 0 0 0 0 
137 1.89091 -0.709087 0 0 -4.46091 0.00824116 7.36957e+15 0.01 0.01 9.33126e-23 1.18073e-05 -685.521 0 0 0 0 0 0 0 0 0 7e+15 0 0 0 0 0 0 
137.5 1.89088 -0.709121 0 0 -4.46088 0.00825199 7.36369e+15 0.01 0.01 9.333e-23 1.17979e-05 -675.765 0 0 0 0 0 0 0 0 0 7e+15 0 0 0 0 0 0 
138 1.89085 -0.709154 0 0 -4.46085 0.00826267 7.35791e+15 0.01 0.01 9.33471e-23 1.17887e-05 -666.164 0 0 0 0 0 0 0 0 0 7e+15 0 0 0 0 0 0 
138.5 1.89081 -0.709187 0 0 -4.46081 0.00827322 7.35221e+15 0.01 0.01 9.3364e-23 1.17795e-05 -656.715 0 0 0 0 0 0 0 0 0 7e+15 0 0 0 0 0 0 
139 1.89078 -0.70922 0 0 -4.46078 0.00828363 7.34659e+15 0.01 0.01 9.33807e-23 1.17705e-05 -647.418 0 0 0 0 0 0 0 0 0 7e+15 0 0 0 0 0 0 
139.5 1.89075 -0.709252 0 0 -4.46075 0.00829391 7.34106e+15 0.01 0.01 9.33971e-23 1.17617e-05 -638.268 0 0 0 0 0 0 0 0 0 7e+15 0 0 0 0 0 0 
140 1.89072 -0.709284 0 0 -4.46072 0.00830405 7.33561e+15 0.01 0.01 9.34134e-23 1.17529e-05 -629.265 0 0 0 0 0 0 0 0 0 7e+15 0 0 0 0 0 0 
140.5 1.89069 -0.709315 0 0 -4.46069 0.00831407 7.33024e+15 0.01 0.01 9.34294e-23 1.17443e-05 -620.405 0 0 0 0 0 0 0 0 0 7e+15 0 0 0 0 0 0 
141 1.89065 -0.709346 0 0 -4.46065 0.00832395 7.32495e+15 0.01 0.01 9.34453e-23 1.17359e-05 -611.688 0 0 0 0 0 0 0 0 0 7e+15 0 0 0 0 0 0 
141.5 1.89062 -0.709376 0 0 -4.46062 0.00833371 7.31974e+15 0.01 0.01 9.34609e-23 1.17275e-05 -603.11 0 0 0 0 0 0 0 0 0 7e+15 0 0 0 0 0 0 
142 1.89059 -0.709406 0 0 -4.46059 0.00834334 7.31461e+15 0.01 0.01 9.34763e-23 1.17193e-05 -594.67 0 0 0 0 0 0 0 0 0 7e+15 0 0 0 0 0 0 
142.5 1.89056 -0.709435 0 0 -4.46056 0.00835285 7.30955e+15 0.01 0.01 9.34916e-23 1.17112e-05 -586.365 0 0 0 0 0 0 0 0 0 7e+15 0 0 0 0 0 0 
143 1.89054 -0.709465 0 0 -4.46054 0.00836224 7.30456e+15 0.01 0.01 9.35066e-23 1.17032e-05 -578.195 0 0 0 0 0 0 0 0 0 7e+15 0 0 0 0 0 0 
143.5 1.89051 -0.709493 0 0 -4.46051 0.0083715 7.29964e+15 0.01 0.01 9.35215e-23 1.16953e-05 -570.156 0 0 0 0 0 0 0 0 0 7e+15 0 0 0 0 0 0 
144 1.89048 -0.709522 0 0 -4.46048 0.00838065 7.2948e+15 0.01 0.01 9.35361e-23 1.16876e-05 -562.246 0 0 0 0 0 0 0 0 0 7e+15 0 0 0 0 0 0 
144.5 1.89045 -0.70955 0 0 -4.46045 0.00838968 7.29003e+15 0.01 0.01 9.35506e-23 1.16799e-05 -554.465 0 0 0 0 0 0 0 0 0 7e+15 0 0 0 0 0 0 
145 1.89042 -0.709577 0 0 -4.46042 0.0083986 7.28533e+15 0.01 0.01 9.35649e-23 1.16724e-05 -546.81 0 0 0 0 0 0 0 0 0 7e+15 0 0 0 0 0 0 
145.5 1.8904 -0.709604 0 0 -4.4604 0.0084074 7.28069e+15 0.01 0.01 9.3579e-23 1.16649e-05 -539.279 0 0 0 0 0 0 0 0 0 7e+15 0 0 0 0 0 0 
146 1.89037 -0.709631 0 0 -4.46037 0.00841609 7.27612e+15 0.01 0.01 9.35929e-23 1.16576e-05 -531.87 0 0 0 0 0 0 0 0 0 7e+15 0 0 0 0 0 0 
146.5 1.89034 -0.709657 0 0 -4.46034 0.00842467 7.27162e+15 0.01 0.01 9.36066e-23 1.16504e-05 -524.583 0 0 0 0 0 0 0 0 0 7e+15 0 0 0 0 0 0 
147 1.89032 -0.709683 0 0 -4.46032 0.00843314 7.26718e+15 0.01 0.01 9.36202e-23 1.16433e-05 -517.414 0 0 0 0 0 0 0 0 0 7e+15 0 0 0 0 0 0 
147.5 1.89029 -0.709709 0 0 -4.46029 0.0084415 7.2628e+15 0.01 0.01 9.36336e-23 1.16363e-05 -510.362 0 0 0 0 0 0 0 0 0 7e+15 0 0 0 0 0 0 
148 1.89027 -0.709734 0 0 -4.46027 0.00844976 7.25848e+15 0.01 0.01 9.36468e-23 1.16294e-05 -503.427 0 0 0 0 0 0 0 0 0 7e+15 0 0 0 0 0 0 
148.5 1.89024 -0.709759 0 0 -4.46024 0.00845791 7.25423e+15 0.01 0.01 9.36599e-23 1.16226e-05 -496.605 0 0 0 0 0 0 0 0 0 7e+15 0 0 0 0 0 0 
149 1.89022 -0.709784 0 0 -4.46022 0.00846596 7.25003e+15 0.01 0.01 9.36728e-23 1.16158e-05 -489.896 0 0 0 0 0 0 0 0 0 7e+15 0 0 0 0 0 0 
149.5 1.89019 -0.709808 0 0 -4.46019 0.00847391 7.2459e+15 0.01 0.01 9.36855e-23 1.16092e-05 -483.297 0 0 0 0 0 0 0 0 0 7e+15 0 0 0 0 0 0 
150 1.89017 -0.709832 0 0 -4.46017 0.00848176 7.24182e+15 0.01 0.01 9.36981e-23 1.16027e-05 -476.808 0 0 0 0 0 0 0 0 0 7e+15 0 0 0 0 0 0 
150.5 1.89014 -0.709856 0 0 -4.46014 0.00848951 7.2378e+15 0.01 0.01 9.37105e-23 1.15962e-05 -470.426 0 0 0 0 0 0 0 0 0 7e+15 0 0 0 0 0 0 
151 1.89012 -0.709879 0 0 -4.46012 0.00849717 7.23384e+15 0.01 0.01 9.37228e-23 1.15899e-05 -464.151 0 0 0 0 0 0 0 0 0 7e+15 0 0 0 0 0 0 
151.5 1.8901 -0.709903 0 0 -4.4601 0.00850473 7.22993e+15 0.01 0.01 9.37349e-23 1.15836e-05 -457.98 0 0 0 0 0 0 0 0 0 7e+15 0 0 0 0 0 0 
152 1.89007 -0.709925 0 0 -4.46007 0.00851219 7.22607e+15 0.01 0.01 9.37469e-23 1.15774e-05 -451.913 0 0 0 0 0 0 0 0 0 7e+15 0 0 0 0 0 0 
152.5 1.89005 -0.709948 0 0 -4.46005 0.00851957 7.22227e+15 0.01 0.01 9.37587e-23 1.15713e-05 -445.948 0 0 0 0 0 0 0 0 0 7e+15 0 0 0 0 0 0 
153 1.89003 -0.70997 0 0 -4.46003 0.00852685 7.21852e+15 0.01 0.01 9.37703e-23 1.15653e-05 -440.083 0 0 0 0 0 0 0 0 0 7e+15 0 0 0 0 0 0 
153.5 1.89001 -0.709992 0 0 -4.46001 0.00853404 7.21481e+15 0.01 0.01 9.37819e-23 1.15594e-05 -434.318 0 0 0 0 0 0 0 0 0 7e+15 0 0 0 0 0 0 
154 1.88999 -0.710013 0 0 -4.45999 0.00854115 7.21116e+15 0.01 0.01 9.37933e-23 1.15536e-05 -428.65 0 0 0 0 0 0 0 0 0 7e+15 0 0 0 0 0 0 
154.5 1.88997 -0.710035 0 0 -4.45997 0.00854817 7.20756e+15 0.01 0.01 9.38045e-23 1.15478e-05 -423.079 0 0 0 0 0 0 0 0 0 7e+15 0 0 0 0 0 0 
155 1.88994 -0.710056 0 0 -4.45994 0.0085551 7.20401e+15 0.01 0.01 9.38156e-23 1.15421e-05 -417.603 0 0 0 0 0 0 0 0 0 7e+15 0 0 0 0 0 0 
155.5 1.88992 -0.710076 0 0 -4.45992 0.00856195 7.20051e+15 0.01 0.01 9.38266e-23 1.15365e-05 -412.221 0 0 0 0 0 0 0 0 0 7e+15 0 0 0 0 0 0 
156 1.8899 -0.710097 0 0 -4.4599 0.00856872 7.19705e+15 0.01 0.01 9.38374e-23 1.15309e-05 -406.931 0 0 0 0 0 0 0 0 0 7e+15 0 0 0 0 0 0 
156.5 1.88988 -0.710117 0 0 -4.45988 0.0085754 7.19363e+15 0.01 0.01 9.38481e-23 1.15255e-05 -401.733 0 0 0 0 0 0 0 0 0 7e+15 0 0 0 0 0 0 
157 1.88986 -0.710137 0 0 -4.45986 0.00858201 7.19027e+15 0.01 0.01 9.38587e-23 1.15201e-05 -396.625 0 0 0 0 0 0 0 0 0 7e+15 0 0 0 0 0 0 
157.5 1.88984 -0.710157 0 0 -4.45984 0.00858853 7.18694e+15 0.01 0.01 9.38692e-23 1.15148e-05 -391.606 0 0 0 0 0 0 0 0 0 7e+15 0 0 0 0 0 0 
158 1.88982 -0.710176 0 0 -4.45982 0.00859498 7.18366e+15 0.01 0.01 9.38795e-23 1.15095e-05 -386.675 0 0 0 0 0 0 0 0 0 7e+15 0 0 0 0 0 0 
158.5 1.8898 -0.710195 0 0 -4.4598 0.00860135 7.18043e+15 0.01 0.01 9.38897e-23 1.15043e-05 -381.831 0 0 0 0 0 0 0 0 0 7e+15 0 0 0 0 0 0 
159 1.88979 -0.710214 0 0 -4.45979 0.00860765 7.17723e+15 0.01 0.01 9.38998e-23 1.14992e-05 -377.072 0 0 0 0 0 0 0 0 0 7e+15 0 0 0 0 0 0 
159.5 1.88977 -0.710233 0 0 -4.45977 0.00861388 7.17408e+15 0.01 0.01 9.39098e-23 1.14941e-05 -372.398 0 0 0 0 0 0 0 0 0 7e+15 0 0 0 0 0 0 
160 1.88975 -0.710252 0 0 -4.45975 0.00862003 7.17096e+15 0.01 0.01 9.39196e-23 1.14891e-05 -367.807 0 0 0 0 0 0 0 0 0 7e+15 0 0 0 0 0 0 
160.5 1.88973 -0.71027 0 0 -4.45973 0.00862611 7.16789e+15 0.01 0.01 9.39294e-23 1.14842e-05 -363.299 0 0 0 0 0 0 0 0 0 7e+15 0 0 0 0 0 0 
161 1.88971 -0.710288 0 0 -4.45971 0.00863212 7.16485e+15 0.01 0.01 9.3939e-23 1.14794e-05 -358.871 0 0 0 0 0 0 0 0 0 7e+15 0 0 0 0 0 0 
161.5 1.88969 -0.710306 0 0 -4.45969 0.00863806 7.16185e+15 0.01 0.01 9.39485e-23 1.14746e-05 -354.525 0 0 0 0 0 0 0 0 0 7e+15 0 0 0 0 0 0 
162 1.88968 -0.710323 0 0 -4.45968 0.00864393 7.15889e+15 0.01 0.01 9.39579e-23 1.14698e-05 -350.257 0 0 0 0 0 0 0 0 0 7e+15 0 0 0 0 0 0 
162.5 1.88966 -0.710341 0 0 -4.45966 0.00864974 7.15597e+15 0.01 0.01 9.39672e-23 1.14651e-05 -346.068 0 0 0 0 0 0 0 0 0 7e+15 0 0 0 0 0 0 
163 1.88964 -0.710358 0 0 -4.45964 0.00865548 7.15308e+15 0.01 0.01 9.39764e-23 1.14605e-05 -341.956 0 0 0 0 0 0 0 0 0 7e+15 0 0 0 0 0 0 
163.5 1.88963 -0.710375 0 0 -4.45963 0.00866116 7.15023e+15 0.01 0.01 9.39855e-23 1.14559e-05 -337.92 0 0 0 0 0 0 0 0 0 7e+15 0 0 0 0 0 0 
164 1.88961 -0.710392 0 0 -4.45961 0.00866677 7.14741e+15 0.01 0.01 9.39945e-23 1.14514e-05 -333.96 0 0 0 0 0 0 0 0 0 7e+15 0 0 0 0 0 0 
164.5 1.88959 -0.710408 0 0 -4.45959 0.00867232 7.14463e+15 0.01 0.01 9.40034e-23 1.1447e-05 -330.074 0 0 0 0 0 0 0 0 0 7e+15 0 0 0 0 0 0 
165 1.88958 -0.710425 0 0 -4.45958 0.00867781 7.14188e+15 0.01 0.01 9.40122e-23 1.14425e-05 -326.262 0 0 0 0 0 0 0 0 0 7e+15 0 0 0 0 0 0 
165.5 1.88956 -0.710441 0 0 -4.45956 0.00868324 7.13916e+15 0.01 0.01 9.40209e-23 1.14382e-05 -322.523 0 0 0 0 0 0 0 0 0 7e+15 0 0 0 0 0 0 
166 1.88954 -0.710457 0 0 -4.45954 0.00868862 7.13647e+15 0.01 0.01 9.40295e-23 1.14339e-05 -318.856 0 0 0 0 0 0 0 0 0 7e+15 0 0 0 0 0 0 
166.5 1.88953 -0.710473 0 0 -4.45953 0.00869393 7.13382e+15 0.01 0.01 9.4038e-23 1.14296e-05 -315.26 0 0 0 0 0 0 0 0 0 7e+15 0 0 0 0 0 0 
167 1.88951 -0.710489 0 0 -4.45951 0.00869919 7.13119e+15 0.01 0.01 9.40465e-23 1.14254e-05 -311.734 0 0 0 0 0 0 0 0 0 7e+15 0 0 0 0 0 0 
167.5 1.8895 -0.710504 0 0 -4.4595 0.00870439 7.1286e+15 0.01 0.01 9.40548e-23 1.14213e-05 -308.277 0 0 0 0 0 0 0 0 0 7e+15 0 0 0 0 0 0 
168 1.88948 -0.710519 0 0 -4.45948 0.00870954 7.12603e+15 0.01 0.01 9.4063e-23 1.14172e-05 -304.889 0 0 0 0 0 0 0 0 0 7e+15 0 0 0 0 0 0 
168.5 1.88947 -0.710535 0 0 -4.45947 0.00871464 7.1235e+15 0.01 0.01 9.40712e-23 1.14131e-05 -301.569 0 0 0 0 0 0 0 0 0 7e+15 0 0 0 0 0 0 
169 1.88945 -0.71055 0 0 -4.45945 0.00871968 7.12099e+15 0.01 0.01 9.40793e-23 1.14091e-05 -298.316 0 0 0 0 0 0 0 0 0 7e+15 0 0 0 0 0 0 
169.5 1.88944 -0.710564 0 0 -4.45944 0.00872467 7.11851e+15 0.01 0.01 9.40873e-23 1.14051e-05 -295.129 0 0 0 0 0 0 0 0 0 7e+15 0 0 0 0 0 0 
170 1.88942 -0.710579 0 0 -4.45942 0.00872961 7.11606e+15 0.01 0.01 9.40952e-23 1.14012e-05 -292.008 0 0 0 0 0 0 0 0 0 7e+15 0 0 0 0 0 0 
170.5 1.88941 -0.710594 0 0 -4.45941 0.00873451 7.11363e+15 0.01 0.01 9.4103e-23 1.13973e-05 -288.952 0 0 0 0 0 0 0 0 0 7e+15 0 0 0 0 0 0 
171 1.88939 -0.710608 0 0 -4.45939 0.00873935 7.11123e+15 0.01 0.01 9.41108e-23 1.13935e-05 -285.96 0 0 0 0 0 0 0 0 0 7e+15 0 0 0 0 0 0 
171.5 1.88938 -0.710622 0 0 -4.45938 0.00874415 7.10886e+15 0.01 0.01 9.41185e-23 1.13896e-05 -283.032 0 0 0 0 0 0 0 0 0 7e+15 0 0 0 0 0 0 
172 1.88936 -0.710636 0 0 -4.45936 0.0087489 7.10651e+15 0.01 0.01 9.41261e-23 1.13859e-05 -280.167 0 0 0 0 0 0 0 0 0 7e+15 0 0 0 0 0 0 
172.5 1.88935 -0.71065 0 0 -4.45935 0.0087536 7.10418e+15 0.01 0.01 9.41336e-23 1.13822e-05 -277.363 0 0 0 0 0 0 0 0 0 7e+15 0 0 0 0 0 0 
173 1.88934 -0.710664 0 0 -4.45934 0.00875826 7.10188e+15 0.01 0.01 9.41411e-23 1.13785e-05 -274.621 0 0 0 0 0 0 0 0 0 7e+15 0 0 0 0 0 0 
173.5 1.88932 -0.710678 0 0 -4.45932 0.00876288 7.09961e+15 0.01 0.01 9.41485e-23 1.13748e-05 -271.941 0 0 0 0 0 0 0 0 0 7e+15 0 0 0 0 0 0 
174 1.88931 -0.710691 0 0 -4.45931 0.00876746 7.09735e+15 0.01 0.01 9.41558e-23 1.13712e-05 -269.32 0 0 0 0 0 0 0 0 0 7e+15 0 0 0 0 0 0 
174.5 1.8893 -0.710705 0 0 -4.4593 0.00877199 7.09512e+15 0.01 0.01 9.41631e-23 1.13676e-05 -266.759 0 0 0 0 0 0 0 0 0 7e+15 0 0 0 0 0 0 
175 1.88928 -0.710718 0 0 -4.45928 0.00877648 7.09291e+15 0.01 0.01 9.41703e-23 1.13641e-05 -264.257 0 0 0 0 0 0 0 0 0 7e+15 0 0 0 0 0 0 
175.5 1.88927 -0.710731 0 0 -4.45927 0.00878094 7.09072e+15 0.01 0.01 9.41774e-23 1.13606e-05 -261.814 0 0 0 0 0 0 0 0 0 7e+15 0 0 0 0 0 0 
176 1.88926 -0.710744 0 0 -4.45926 0.00878535 7.08855e+15 0.01 0.01 9.41845e-23 1.13571e-05 -259.429 0 0 0 0 0 0 0 0 0 7e+15 0 0 0 0 0 0 
176.5 1.88924 -0.710757 0 0 -4.45924 0.00878973 7.0864e+15 0.01 0.01 9.41915e-23 1.13537e-05 -257.101 0 0 0 0 0 0 0 0 0 7e+15 0 0 0 0 0 0 
177 1.88923 -0.71077 0 0 -4.45923 0.00879407 7.08427e+15 0.01 0.01 9.41985e-23 1.13503e-05 -254.831 0 0 0 0 0 0 0 0 0 7e+15 0 0 0 0 0 0 
177.5 1.88922 -0.710782 0 0 -4.45922 0.00879838 7.08216e+15 0.01 0.01 9.42054e-23 1.13469e-05 -252.616 0 0 0 0 0 0 0 0 0 7e+15 0 0 0 0 0 0 
178 1.8892 -0.710795 0 0 -4.4592 0.00880265 7.08007e+15 0.01 0.01 9.42122e-23 1.13435e-05 -250.458 0 0 0 0 0 0 0 0 0 7e+15 0 0 0 0 0 0 
178.5 1.88919 -0.710808 0 0 -4.45919 0.00880688 7.078e+15 0.01 0.01 9.4219e-23 1.13402e-05 -248.355 0 0 0 0 0 0 0 0 0 7e+15 0 0 0 0 0 0 
179 1.88918 -0.71082 0 0 -4.45918 0.00881108 7.07594e+15 0.01 0.01 9.42257e-23 1.13369e-05 -246.306 0 0 0 0 0 0 0 0 0 7e+15 0 0 0 0 0 0 
179.5 1.88917 -0.710832 0 0 -4.45917 0.00881525 7.0739e+15 0.01 0.01 9.42324e-23 1.13336e-05 -244.313 0 0 0 0 0 0 0 0 0 7e+15 0 0 0 0 0 0 
180 1.88916 -0.710844 0 0 -4.45916 0.00881939 7.07188e+15 0.01 0.01 9.4239e-23 1.13304e-05 -242.373 0 0 0 0 0 0 0 0 0 7e+15 0 0 0 0 0 0 
180.5 1.88914 -0.710856 0 0 -4.45914 0.0088235 7.06988e+15 0.01 0.01 9.42456e-23 1.13272e-05 -240.487 0 0 0 0 0 0 0 0 0 7e+15 0 0 0 0 0 0 
181 1.88913 -0.710868 0 0 -4.45913 0.00882758 7.06789e+15 0.01 0.01 9.42522e-23 1.1324e-05 -238.654 0 0 0 0 0 0 0 0 0 7e+15 0 0 0 0 0 0 
181.5 1.88912 -0.71088 0 0 -4.45912 0.00883163 7.06592e+15 0.01 0.01 9.42586e-23 1.13208e-05 -236.873 0 0 0 0 0 0 0 0 0 7e+15 0 0 0 0 0 0 
182 1.88911 -0.710892 0 0 -4.45911 0.00883565 7.06396e+15 0.01 0.01 9.42651e-23 1.13177e-05 -235.145 0 0 0 0 0 0 0 0 0 7e+15 0 0 0 0 0 0 
182.5 1.8891 -0.710904 0 0 -4.4591 0.00883964 7.06202e+15 0.01 0.01 9.42715e-23 1.13146e-05 -233.469 0 0 0 0 0 0 0 0 0 7e+15 0 0 0 0 0 0 
183 1.88908 -0.710915 0 0 -4.45908 0.00884361 7.06009e+15 0.01 0.01 9.42778e-23 1.13115e-05 -231.845 0 0 0 0 0 0 0 0 0 7e+15 0 0 0 0 0 0 
183.5 1.88907 -0.710927 0 0 -4.45907 0.00884755 7.05817e+15 0.01 0.01 9.42842e-23 1.13084e-05 -230.271 0 0 0 0 0 0 0 0 0 7e+15 0 0 0 0 0 0 
184 1.88906 -0.710938 0 0 -4.45906 0.00885147 7.05627e+15 0.01 0.01 9.42904e-23 1.13054e-05 -228.748 0 0 0 0 0 0 0 0 0 7e+15 0 0 0 0 0 0 
184.5 1.88905 -0.71095 0 0 -4.45905 0.00885536 7.05438e+15 0.01 0.01 9.42967e-23 1.13024e-05 -227.276 0 0 0 0 0 0 0 0 0 7e+15 0 0 0 0 0 0 
185 1.88904 -0.710961 0 0 -4.45904 0.00885923 7.0525e+15 0.01 0.01 9.43029e-23 1.12994e-05 -225.854 0 0 0 0 0 0 0 0 0 7e+15 0 0 0 0 0 0 
185.5 1.88903 -0.710972 0 0 -4.45903 0.00886308 7.05064e+15 0.01 0.01 9.4309e-23 1.12964e-05 -224.482 0 0 0 0 0 0 0 0 0 7e+15 0 0 0 0 0 0 
186 1.88902 -0.710984 0 0 -4.45902 0.00886691 7.04879e+15 0.01 0.01 9.43152e-23 1.12934e-05 -223.159 0 0 0 0 0 0 0 0 0 7e+15 0 0 0 0 0 0 
186.5 1.88901 -0.710995 0 0 -4.45901 0.00887071 7.04695e+15 0.01 0.01 9.43213e-23 1.12905e-05 -221.885 0 0 0 0 0 0 0 0 0 7e+15 0 0 0 0 0 0 
187 1.88899 -0.711006 0 0 -4.45899 0.0088745 7.04511e+15 0.01 0.01 9.43273e-23 1.12875e-05 -220.66 0 0 0 0 0 0 0 0 0 7e+15 0 0 0 0 0 0 
187.5 1.88898 -0.711017 0 0 -4.45898 0.00887827 7.04329e+15 0.01 0.01 9.43334e-23 1.12846e-05 -219.484 0 0 0 0 0 0 0 0 0 7e+15 0 0 0 0 0 0 
188 1.88897 -0.711028 0 0 -4.45897 0.00888202 7.04148e+15 0.01 0.01 9.43394e-23 1.12817e-05 -218.356 0 0 0 0 0 0 0 0 0 7e+15 0 0 0 0 0 0 
188.5 1.88896 -0.711039 0 0 -4.45896 0.00888575 7.03968e+15 0.01 0.01 9.43454e-23 1.12788e-05 -217.276 0 0 0 0 0 0 0 0 0 7e+15 0 0 0 0 0 0 
189 1.88895 -0.711049 0 0 -4.45895 0.00888947 7.03789e+15 0.01 0.01 9.43513e-23 1.12759e-05 -216.244 0 0 0 0 0 0 0 0 0 7e+15 0 0 0 0 0 0 
189.5 1.88894 -0.71106 0 0 -4.45894 0.00889317 7.03611e+15 0.01 0.01 9.43572e-23 1.12731e-05 -215.259 0 0 0 0 0 0 0 0 0 7e+15 0 0 0 0 0 0 
190 1.88893 -0.711071 0 0 -4.45893 0.00889685 7.03433e+15 0.01 0.01 9.43632e-23 1.12702e-05 -214.322 0 0 0 0 0 0 0 0 0 7e+15 0 0 0 0 0 0 
190.5 1.88892 -0.711082 0 0 -4.45892 0.00890052 7.03257e+15 0.01 0.01 9.4369e-23 1.12674e-05 -213.432 0 0 0 0 0 0 0 0 0 7e+15 0 0 0 0 0 0 
191 1.88891 -0.711092 0 0 -4.45891 0.00890418 7.03081e+15 0.01 0.01 9.43749e-23 1.12646e-05 -212.589 0 0 0 0 0 0 0 0 0 7e+15 0 0 0 0 0 0 
191.5 1.8889 -0.711103 0 0 -4.4589 0.00890782 7.02906e+15 0.01 0.01 9.43807e-23 1.12618e-05 -211.792 0 0 0 0 0 0 0 0 0 7e+15 0 0 0 0 0 0 
192 1.88889 -0.711113 0 0 -4.45889 0.00891146 7.02731e+15 0.01 0.01 9.43866e-23 1.1259e-05 -211.042 0 0 0 0 0 0 0 0 0 7e+15 0 0 0 0 0 0 
192.5 1.88888 -0.711124 0 0 -4.45888 0.00891508 7.02557e+15 0.01 0.01 9.43924e-23 1.12562e-05 -210.339 0 0 0 0 0 0 0 0 0 7e+15 0 0 0 0 0 0 
193 1.88887 -0.711135 0 0 -4.45887 0.00891869 7.02384e+15 0.01 0.01 9.43981e-23 1.12534e-05 -209.681 0 0 0 0 0 0 0 0 0 7e+15 0 0 0 0 0 0 
193.5 1.88886 -0.711145 0 0 -4.45886 0.00892229 7.02211e+15 0.01 0.01 9.44039e-23 1.12507e-05 -209.07 0 0 0 0 0 0 0 0 0 7e+15 0 0 0 0 0 0 
194 1.88884 -0.711155 0 0 -4.45884 0.00892589 7.02039e+15 0.01 0.01 9.44097e-23 1.12479e-05 -208.504 0 0 0 0 0 0 0 0 0 7e+15 0 0 0 0 0 0 
194.5 1.88883 -0.711166 0 0 -4.45883 0.00892947 7.01867e+15 0.01 0.01 9.44154e-23 1.12452e-05 -207.985 0 0 0 0 0 0 0 0 0 7e+15 0 0 0 0 0 0 
195 1.88882 -0.711176 0 0 -4.45882 0.00893305 7.01696e+15 0.01 0.01 9.44212e-23 1.12424e-05 -207.511 0 0 0 0 0 0 0 0 0 7e+15 0 0 0 0 0 0 
195.5 1.88881 -0.711187 0 0 -4.45881 0.00893663 7.01525e+15 0.01 0.01 9.44269e-23 1.12397e-05 -207.082 0 0 0 0 0 0 0 0 0 7e+15 0 0 0 0 0 0 
196 1.8888 -0.711197 0 0 -4.4588 0.00894019 7.01355e+15 0.01 0.01 9.44326e-23 1.12369e-05 -206.699 0 0 0 0 0 0 0 0 0 7e+15 0 0 0 0 0 0 
196.5 1.88879 -0.711207 0 0 -4.45879 0.00894375 7.01185e+15 0.01 0.01 9.44383e-23 1.12342e-05 -206.361 0 0 0 0 0 0 0 0 0 7e+15 0 0 0 0 0 0 
197 1.88878 -0.711218 0 0 -4.45878 0.00894731 7.01015e+15 0.01 0.01 9.4444e-23 1.12315e-05 -206.068 0 0 0 0 0 0 0 0 0 7e+15 0 0 0 0 0 0 
197.5 1.88877 -0.711228 0 0 -4.45877 0.00895087 7.00845e+15 0.01 0.01 9.44497e-23 1.12288e-05 -205.821 0 0 0 0 0 0 0 0 0 7e+15 0 0 0 0 0 0 
198 1.88876 -0.711238 0 0 -4.45876 0.00895442 7.00676e+15 0.01 0.01 9.44554e-23 1.12261e-05 -205.708 0 0 0 0 0 0 0 0 0 7e+15 0 0 0 0 0 0 
198 1.88876 -0.711238 0 0 -4.45876 0.00895442 7.00676e+15 0.01 0.01 9.44554e-23 1.12261e-05 -205.545 0 0 0 0 0 0 0 0 0 7e+15 0 0 0 0 0 0 
198.409 1.88875 -0.711247 0 0 -4.45875 0.00895733 7.00537e+15 0.01 0.01 9.446e-23 1.12238e-05 -205.486 0 0 0 0 0 0 0 0 0 7e+15 0 0 0 0 0 0 
198.752 1.88875 -0.711254 0 0 -4.45875 0.00895976 7.00422e+15 0.01 0.01 9.44639e-23 1.1222e-05 -205.399 0 0 0 0 0 0 0 0 0 7e+15 0 0 0 0 0 0 
199.038 1.88874 -0.711259 0 0 -4.45874 0.00896179 7.00325e+15 0.01 0.01 9.44672e-23 1.12204e-05 -205.342 0 0 0 0 0 0 0 0 0 7e+15 0 0 0 0 0 0 
199.277 1.88874 -0.711264 0 0 -4.45874 0.00896349 7.00244e+15 0.01 0.01 9.44699e-23 1.12191e-05 -205.306 0 0 0 0 0 0 0 0 0 7e+15 0 0 0 0 0 0 
199.478 1.88873 -0.711269 0 0 -4.45873 0.00896491 7.00176e+15 0.01 0.01 9.44722e-23 1.12181e-05 -205.283 0 0 0 0 0 0 0 0 0 7e+15 0 0 0 0 0 0 
199.645 1.88873 -0.711272 0 0 -4.45873 0.0089661 7.0012e+15 0.01 0.01 9.44741e-23 1.12172e-05 -205.27 0 0 0 0 0 0 0 0 0 7e+15 0 0 0 0 0 0 
199.785 1.88873 -0.711275 0 0 -4.45873 0.00896709 7.00073e+15 0.01 0.01 9.44757e-23 1.12164e-05 -205.263 0 0 0 0 0 0 0 0 0 7e+15 0 0 0 0 0 0 
199.902 1.88872 -0.711277 0 0 -4.45872 0.00896792 7.00033e+15 0.01 0.01 9.4477e-23 1.12158e-05 -205.26 0 0 0 0 0 0 0 0 0 7e+15 0 0 0 0 0 0 
200 1.88872 -0.711279 0 0 -4.45872 0.00896862 7e+15 0.01 0.01 9.44781e-23 1.12152e-05 -205.259 0 0 0 0 0 0 0 0 0 7e+15 0 0 0 0 0 0 